1 11 17 
1 11 29 
1 11 3 
1 11 34 
1 11 36 
1 11 40 
1 11 48 
1 11 5 
1 11 52 
1 11 56 
1 11 58 
1 11 60 
1 11 62 
1 11 66 
1 11 7 
1 11 9 
1 15 17 
1 15 21 
1 15 25 
1 15 29 
1 15 3 
1 15 34 
1 15 36 
1 15 40 
1 15 48 
1 15 5 
1 15 52 
1 15 56 
1 15 58 
1 15 60 
1 15 62 
1 15 66 
1 15 7 
1 15 9 
1 17 19 
1 17 21 
1 17 25 
1 17 27 
1 17 29 
1 17 3 
1 17 31 
1 17 34 
1 17 36 
1 17 40 
1 17 42 
1 17 46 
1 17 48 
1 17 5 
1 17 52 
1 17 56 
1 17 58 
1 17 60 
1 17 62 
1 17 64 
1 17 66 
1 17 68 
1 17 7 
1 17 72 
1 17 74 
1 17 9 
1 19 29 
1 19 34 
1 19 36 
1 19 40 
1 19 46 
1 19 48 
1 19 5 
1 19 52 
1 19 56 
1 19 58 
1 19 60 
1 19 62 
1 19 66 
1 19 7 
1 21 25 
1 21 27 
1 21 29 
1 21 3 
1 21 31 
1 21 34 
1 21 36 
1 21 40 
1 21 42 
1 21 44 
1 21 46 
1 21 48 
1 21 5 
1 21 52 
1 21 56 
1 21 58 
1 21 60 
1 21 62 
1 21 64 
1 21 66 
1 21 68 
1 21 7 
1 21 72 
1 21 74 
1 21 9 
1 25 27 
1 25 29 
1 25 3 
1 25 31 
1 25 34 
1 25 36 
1 25 40 
1 25 42 
1 25 46 
1 25 48 
1 25 5 
1 25 52 
1 25 54 
1 25 56 
1 25 58 
1 25 60 
1 25 62 
1 25 64 
1 25 66 
1 25 68 
1 25 7 
1 25 72 
1 25 74 
1 25 9 
1 27 29 
1 27 3 
1 27 34 
1 27 36 
1 27 40 
1 27 48 
1 27 5 
1 27 52 
1 27 56 
1 27 58 
1 27 60 
1 27 62 
1 27 66 
1 27 7 
1 27 9 
1 29 3 
1 29 31 
1 29 34 
1 29 36 
1 29 38 
1 29 40 
1 29 42 
1 29 44 
1 29 46 
1 29 48 
1 29 5 
1 29 52 
1 29 54 
1 29 56 
1 29 58 
1 29 60 
1 29 62 
1 29 64 
1 29 66 
1 29 68 
1 29 7 
1 29 70 
1 29 72 
1 29 74 
1 29 9 
1 3 31 
1 3 34 
1 3 36 
1 3 40 
1 3 42 
1 3 46 
1 3 48 
1 3 5 
1 3 52 
1 3 56 
1 3 58 
1 3 60 
1 3 62 
1 3 64 
1 3 66 
1 3 68 
1 3 7 
1 3 72 
1 3 74 
1 3 9 
1 31 34 
1 31 36 
1 31 40 
1 31 42 
1 31 48 
1 31 5 
1 31 52 
1 31 56 
1 31 58 
1 31 60 
1 31 62 
1 31 64 
1 31 66 
1 31 7 
1 31 72 
1 31 9 
1 34 36 
1 34 38 
1 34 40 
1 34 42 
1 34 44 
1 34 46 
1 34 48 
1 34 5 
1 34 52 
1 34 54 
1 34 56 
1 34 58 
1 34 60 
1 34 62 
1 34 64 
1 34 66 
1 34 68 
1 34 7 
1 34 70 
1 34 72 
1 34 74 
1 34 9 
1 36 40 
1 36 42 
1 36 44 
1 36 46 
1 36 48 
1 36 5 
1 36 52 
1 36 54 
1 36 56 
1 36 58 
1 36 60 
1 36 62 
1 36 64 
1 36 66 
1 36 68 
1 36 7 
1 36 72 
1 36 74 
1 36 9 
1 38 40 
1 38 5 
1 38 52 
1 38 56 
1 38 58 
1 38 60 
1 38 66 
1 38 7 
1 40 42 
1 40 44 
1 40 46 
1 40 48 
1 40 5 
1 40 52 
1 40 54 
1 40 56 
1 40 58 
1 40 60 
1 40 62 
1 40 64 
1 40 66 
1 40 68 
1 40 7 
1 40 70 
1 40 72 
1 40 74 
1 40 9 
1 42 46 
1 42 48 
1 42 5 
1 42 52 
1 42 56 
1 42 58 
1 42 60 
1 42 62 
1 42 64 
1 42 66 
1 42 68 
1 42 7 
1 42 72 
1 42 74 
1 42 9 
1 44 48 
1 44 5 
1 44 52 
1 44 56 
1 44 58 
1 44 60 
1 44 62 
1 44 66 
1 44 68 
1 44 7 
1 46 48 
1 46 5 
1 46 52 
1 46 56 
1 46 58 
1 46 60 
1 46 62 
1 46 64 
1 46 66 
1 46 7 
1 46 72 
1 46 9 
1 48 5 
1 48 52 
1 48 54 
1 48 56 
1 48 58 
1 48 60 
1 48 62 
1 48 64 
1 48 66 
1 48 68 
1 48 7 
1 48 72 
1 48 74 
1 48 9 
1 5 52 
1 5 54 
1 5 56 
1 5 58 
1 5 60 
1 5 62 
1 5 64 
1 5 66 
1 5 68 
1 5 7 
1 5 72 
1 5 74 
1 5 9 
1 52 54 
1 52 56 
1 52 58 
1 52 60 
1 52 62 
1 52 64 
1 52 66 
1 52 68 
1 52 7 
1 52 70 
1 52 72 
1 52 74 
1 52 9 
1 54 56 
1 54 58 
1 54 60 
1 54 62 
1 54 66 
1 54 7 
1 54 74 
1 54 9 
1 56 58 
1 56 60 
1 56 62 
1 56 64 
1 56 66 
1 56 68 
1 56 7 
1 56 72 
1 56 74 
1 56 9 
1 58 60 
1 58 62 
1 58 64 
1 58 66 
1 58 68 
1 58 7 
1 58 70 
1 58 72 
1 58 74 
1 58 9 
1 60 62 
1 60 64 
1 60 66 
1 60 68 
1 60 7 
1 60 70 
1 60 72 
1 60 74 
1 60 9 
1 62 64 
1 62 66 
1 62 68 
1 62 7 
1 62 72 
1 62 74 
1 62 9 
1 64 66 
1 64 68 
1 64 7 
1 64 72 
1 64 9 
1 66 68 
1 66 7 
1 66 70 
1 66 72 
1 66 74 
1 66 9 
1 68 7 
1 68 72 
1 68 74 
1 68 9 
1 7 70 
1 7 72 
1 7 74 
1 7 9 
1 72 9 
1 74 9 
11 13 17 
11 13 29 
11 13 3 
11 13 34 
11 13 36 
11 13 40 
11 13 48 
11 13 5 
11 13 52 
11 13 56 
11 13 58 
11 13 60 
11 13 62 
11 13 66 
11 13 7 
11 13 9 
11 15 17 
11 15 19 
11 15 21 
11 15 25 
11 15 27 
11 15 29 
11 15 3 
11 15 31 
11 15 34 
11 15 36 
11 15 38 
11 15 40 
11 15 42 
11 15 44 
11 15 46 
11 15 48 
11 15 5 
11 15 52 
11 15 54 
11 15 56 
11 15 58 
11 15 60 
11 15 62 
11 15 64 
11 15 66 
11 15 7 
11 15 70 
11 15 72 
11 15 74 
11 15 9 
11 17 19 
11 17 21 
11 17 23 
11 17 25 
11 17 27 
11 17 29 
11 17 3 
11 17 31 
11 17 34 
11 17 36 
11 17 38 
11 17 40 
11 17 42 
11 17 44 
11 17 46 
11 17 48 
11 17 5 
11 17 50 
11 17 52 
11 17 54 
11 17 56 
11 17 58 
11 17 60 
11 17 62 
11 17 64 
11 17 66 
11 17 68 
11 17 7 
11 17 70 
11 17 72 
11 17 74 
11 17 9 
11 19 25 
11 19 27 
11 19 29 
11 19 3 
11 19 31 
11 19 34 
11 19 36 
11 19 40 
11 19 42 
11 19 44 
11 19 46 
11 19 48 
11 19 5 
11 19 52 
11 19 54 
11 19 56 
11 19 58 
11 19 60 
11 19 62 
11 19 64 
11 19 66 
11 19 7 
11 19 72 
11 19 74 
11 19 9 
11 21 25 
11 21 27 
11 21 29 
11 21 3 
11 21 31 
11 21 34 
11 21 36 
11 21 40 
11 21 42 
11 21 44 
11 21 46 
11 21 48 
11 21 5 
11 21 52 
11 21 54 
11 21 56 
11 21 58 
11 21 60 
11 21 62 
11 21 64 
11 21 66 
11 21 7 
11 21 74 
11 21 9 
11 23 29 
11 23 3 
11 23 31 
11 23 34 
11 23 36 
11 23 40 
11 23 42 
11 23 48 
11 23 5 
11 23 52 
11 23 56 
11 23 58 
11 23 60 
11 23 62 
11 23 64 
11 23 7 
11 23 9 
11 25 27 
11 25 29 
11 25 3 
11 25 31 
11 25 34 
11 25 36 
11 25 38 
11 25 40 
11 25 42 
11 25 44 
11 25 46 
11 25 48 
11 25 5 
11 25 50 
11 25 52 
11 25 54 
11 25 56 
11 25 58 
11 25 60 
11 25 62 
11 25 64 
11 25 66 
11 25 68 
11 25 7 
11 25 70 
11 25 72 
11 25 74 
11 25 9 
11 27 29 
11 27 3 
11 27 31 
11 27 34 
11 27 36 
11 27 40 
11 27 42 
11 27 44 
11 27 46 
11 27 48 
11 27 5 
11 27 52 
11 27 54 
11 27 56 
11 27 58 
11 27 60 
11 27 62 
11 27 64 
11 27 66 
11 27 7 
11 27 72 
11 27 74 
11 27 9 
11 29 3 
11 29 31 
11 29 34 
11 29 36 
11 29 38 
11 29 40 
11 29 42 
11 29 44 
11 29 46 
11 29 48 
11 29 5 
11 29 50 
11 29 52 
11 29 54 
11 29 56 
11 29 58 
11 29 60 
11 29 62 
11 29 64 
11 29 66 
11 29 68 
11 29 7 
11 29 70 
11 29 72 
11 29 74 
11 29 9 
11 3 31 
11 3 34 
11 3 36 
11 3 38 
11 3 40 
11 3 42 
11 3 44 
11 3 46 
11 3 48 
11 3 5 
11 3 50 
11 3 52 
11 3 54 
11 3 56 
11 3 58 
11 3 60 
11 3 62 
11 3 64 
11 3 66 
11 3 68 
11 3 7 
11 3 70 
11 3 72 
11 3 74 
11 3 9 
11 31 34 
11 31 36 
11 31 38 
11 31 40 
11 31 42 
11 31 44 
11 31 46 
11 31 48 
11 31 5 
11 31 52 
11 31 54 
11 31 56 
11 31 58 
11 31 60 
11 31 62 
11 31 64 
11 31 66 
11 31 7 
11 31 70 
11 31 72 
11 31 74 
11 31 9 
11 34 36 
11 34 38 
11 34 40 
11 34 42 
11 34 44 
11 34 46 
11 34 48 
11 34 5 
11 34 50 
11 34 52 
11 34 54 
11 34 56 
11 34 58 
11 34 60 
11 34 62 
11 34 64 
11 34 66 
11 34 68 
11 34 7 
11 34 70 
11 34 72 
11 34 74 
11 34 9 
11 36 38 
11 36 40 
11 36 42 
11 36 44 
11 36 46 
11 36 48 
11 36 5 
11 36 50 
11 36 52 
11 36 54 
11 36 56 
11 36 58 
11 36 60 
11 36 62 
11 36 64 
11 36 66 
11 36 68 
11 36 7 
11 36 70 
11 36 72 
11 36 74 
11 36 9 
11 38 40 
11 38 42 
11 38 44 
11 38 46 
11 38 48 
11 38 5 
11 38 52 
11 38 54 
11 38 56 
11 38 58 
11 38 60 
11 38 62 
11 38 64 
11 38 66 
11 38 7 
11 38 70 
11 38 72 
11 38 74 
11 38 9 
11 40 42 
11 40 44 
11 40 46 
11 40 48 
11 40 5 
11 40 50 
11 40 52 
11 40 54 
11 40 56 
11 40 58 
11 40 60 
11 40 62 
11 40 64 
11 40 66 
11 40 68 
11 40 7 
11 40 70 
11 40 72 
11 40 74 
11 40 9 
11 42 44 
11 42 46 
11 42 48 
11 42 5 
11 42 50 
11 42 52 
11 42 54 
11 42 56 
11 42 58 
11 42 60 
11 42 62 
11 42 64 
11 42 66 
11 42 68 
11 42 7 
11 42 70 
11 42 72 
11 42 74 
11 42 9 
11 44 46 
11 44 48 
11 44 5 
11 44 50 
11 44 52 
11 44 54 
11 44 56 
11 44 58 
11 44 60 
11 44 62 
11 44 64 
11 44 66 
11 44 68 
11 44 7 
11 44 70 
11 44 72 
11 44 74 
11 44 9 
11 46 48 
11 46 5 
11 46 52 
11 46 54 
11 46 56 
11 46 58 
11 46 60 
11 46 62 
11 46 64 
11 46 66 
11 46 68 
11 46 7 
11 46 70 
11 46 72 
11 46 74 
11 46 9 
11 48 5 
11 48 50 
11 48 52 
11 48 54 
11 48 56 
11 48 58 
11 48 60 
11 48 62 
11 48 64 
11 48 66 
11 48 68 
11 48 7 
11 48 70 
11 48 72 
11 48 74 
11 48 9 
11 5 50 
11 5 52 
11 5 54 
11 5 56 
11 5 58 
11 5 60 
11 5 62 
11 5 64 
11 5 66 
11 5 68 
11 5 7 
11 5 70 
11 5 72 
11 5 74 
11 5 9 
11 50 52 
11 50 56 
11 50 58 
11 50 60 
11 50 62 
11 50 64 
11 50 66 
11 50 7 
11 50 9 
11 52 54 
11 52 56 
11 52 58 
11 52 60 
11 52 62 
11 52 64 
11 52 66 
11 52 68 
11 52 7 
11 52 70 
11 52 72 
11 52 74 
11 52 9 
11 54 56 
11 54 58 
11 54 60 
11 54 62 
11 54 64 
11 54 66 
11 54 68 
11 54 7 
11 54 70 
11 54 74 
11 54 9 
11 56 58 
11 56 60 
11 56 62 
11 56 64 
11 56 66 
11 56 68 
11 56 7 
11 56 70 
11 56 72 
11 56 74 
11 56 9 
11 58 60 
11 58 62 
11 58 64 
11 58 66 
11 58 68 
11 58 7 
11 58 70 
11 58 72 
11 58 74 
11 58 9 
11 60 62 
11 60 64 
11 60 66 
11 60 68 
11 60 7 
11 60 70 
11 60 72 
11 60 74 
11 60 9 
11 62 64 
11 62 66 
11 62 68 
11 62 7 
11 62 70 
11 62 72 
11 62 74 
11 62 9 
11 64 66 
11 64 68 
11 64 7 
11 64 70 
11 64 72 
11 64 74 
11 64 9 
11 66 68 
11 66 7 
11 66 70 
11 66 72 
11 66 74 
11 66 9 
11 68 7 
11 68 74 
11 68 9 
11 7 70 
11 7 72 
11 7 74 
11 7 9 
11 70 74 
11 70 9 
11 72 74 
11 72 9 
11 74 9 
12 25 29 
12 25 34 
12 25 36 
12 25 40 
12 25 48 
12 25 5 
12 25 52 
12 25 58 
12 25 60 
12 25 62 
12 25 66 
12 25 7 
12 29 34 
12 29 36 
12 29 40 
12 29 48 
12 29 5 
12 29 52 
12 29 58 
12 29 60 
12 29 62 
12 29 66 
12 29 7 
12 34 36 
12 34 40 
12 34 48 
12 34 5 
12 34 52 
12 34 58 
12 34 60 
12 34 62 
12 34 66 
12 36 40 
12 36 48 
12 36 5 
12 36 52 
12 36 58 
12 36 60 
12 36 62 
12 36 66 
12 36 7 
12 40 48 
12 40 5 
12 40 52 
12 40 58 
12 40 60 
12 40 62 
12 40 66 
12 40 7 
12 48 5 
12 48 52 
12 48 58 
12 48 60 
12 48 62 
12 48 66 
12 48 7 
12 5 52 
12 5 58 
12 5 60 
12 5 62 
12 5 66 
12 5 7 
12 52 58 
12 52 60 
12 52 62 
12 52 66 
12 52 7 
12 58 60 
12 58 62 
12 58 66 
12 58 7 
12 60 62 
12 60 66 
12 60 7 
12 62 66 
13 15 17 
13 15 29 
13 15 3 
13 15 34 
13 15 36 
13 15 40 
13 15 48 
13 15 5 
13 15 52 
13 15 56 
13 15 58 
13 15 60 
13 15 62 
13 15 66 
13 15 7 
13 15 9 
13 17 19 
13 17 21 
13 17 25 
13 17 29 
13 17 3 
13 17 31 
13 17 34 
13 17 36 
13 17 40 
13 17 42 
13 17 44 
13 17 46 
13 17 48 
13 17 5 
13 17 52 
13 17 56 
13 17 58 
13 17 60 
13 17 62 
13 17 64 
13 17 66 
13 17 7 
13 17 74 
13 17 9 
13 19 29 
13 19 34 
13 19 40 
13 19 46 
13 19 52 
13 19 58 
13 19 60 
13 19 7 
13 19 9 
13 21 29 
13 21 3 
13 21 34 
13 21 36 
13 21 40 
13 21 48 
13 21 5 
13 21 52 
13 21 56 
13 21 58 
13 21 60 
13 21 62 
13 21 66 
13 21 7 
13 21 9 
13 25 27 
13 25 29 
13 25 3 
13 25 31 
13 25 34 
13 25 36 
13 25 38 
13 25 40 
13 25 42 
13 25 44 
13 25 46 
13 25 48 
13 25 5 
13 25 52 
13 25 54 
13 25 56 
13 25 58 
13 25 60 
13 25 62 
13 25 64 
13 25 66 
13 25 7 
13 25 74 
13 25 9 
13 27 29 
13 27 3 
13 27 34 
13 27 36 
13 27 40 
13 27 48 
13 27 5 
13 27 52 
13 27 56 
13 27 58 
13 27 60 
13 27 62 
13 27 66 
13 27 7 
13 27 9 
13 29 3 
13 29 31 
13 29 34 
13 29 36 
13 29 38 
13 29 40 
13 29 42 
13 29 44 
13 29 46 
13 29 48 
13 29 5 
13 29 50 
13 29 52 
13 29 54 
13 29 56 
13 29 58 
13 29 60 
13 29 62 
13 29 64 
13 29 66 
13 29 68 
13 29 7 
13 29 70 
13 29 72 
13 29 74 
13 29 9 
13 3 31 
13 3 34 
13 3 36 
13 3 38 
13 3 40 
13 3 42 
13 3 44 
13 3 46 
13 3 48 
13 3 5 
13 3 52 
13 3 54 
13 3 56 
13 3 58 
13 3 60 
13 3 62 
13 3 64 
13 3 66 
13 3 7 
13 3 70 
13 3 72 
13 3 74 
13 3 9 
13 31 34 
13 31 36 
13 31 40 
13 31 42 
13 31 44 
13 31 46 
13 31 48 
13 31 5 
13 31 52 
13 31 56 
13 31 58 
13 31 60 
13 31 62 
13 31 64 
13 31 66 
13 31 7 
13 31 9 
13 34 36 
13 34 38 
13 34 40 
13 34 42 
13 34 44 
13 34 46 
13 34 48 
13 34 5 
13 34 50 
13 34 52 
13 34 54 
13 34 56 
13 34 58 
13 34 60 
13 34 62 
13 34 64 
13 34 66 
13 34 68 
13 34 7 
13 34 70 
13 34 72 
13 34 74 
13 34 9 
13 36 38 
13 36 40 
13 36 42 
13 36 44 
13 36 46 
13 36 48 
13 36 5 
13 36 52 
13 36 54 
13 36 56 
13 36 58 
13 36 60 
13 36 62 
13 36 64 
13 36 66 
13 36 68 
13 36 7 
13 36 70 
13 36 72 
13 36 74 
13 36 9 
13 38 40 
13 38 42 
13 38 44 
13 38 48 
13 38 5 
13 38 52 
13 38 56 
13 38 58 
13 38 60 
13 38 62 
13 38 66 
13 38 7 
13 38 70 
13 38 9 
13 40 42 
13 40 44 
13 40 46 
13 40 48 
13 40 5 
13 40 50 
13 40 52 
13 40 54 
13 40 56 
13 40 58 
13 40 60 
13 40 62 
13 40 64 
13 40 66 
13 40 68 
13 40 7 
13 40 70 
13 40 72 
13 40 74 
13 40 9 
13 42 44 
13 42 46 
13 42 48 
13 42 5 
13 42 52 
13 42 56 
13 42 58 
13 42 60 
13 42 62 
13 42 64 
13 42 66 
13 42 7 
13 42 72 
13 42 74 
13 42 9 
13 44 46 
13 44 48 
13 44 5 
13 44 52 
13 44 54 
13 44 56 
13 44 58 
13 44 60 
13 44 62 
13 44 64 
13 44 66 
13 44 7 
13 44 74 
13 44 9 
13 46 48 
13 46 5 
13 46 52 
13 46 56 
13 46 58 
13 46 60 
13 46 62 
13 46 64 
13 46 66 
13 46 7 
13 46 74 
13 46 9 
13 48 5 
13 48 52 
13 48 54 
13 48 56 
13 48 58 
13 48 60 
13 48 62 
13 48 64 
13 48 66 
13 48 7 
13 48 70 
13 48 72 
13 48 74 
13 48 9 
13 5 52 
13 5 54 
13 5 56 
13 5 58 
13 5 60 
13 5 62 
13 5 64 
13 5 66 
13 5 68 
13 5 7 
13 5 70 
13 5 72 
13 5 74 
13 5 9 
13 50 52 
13 50 58 
13 50 60 
13 50 62 
13 50 7 
13 50 9 
13 52 54 
13 52 56 
13 52 58 
13 52 60 
13 52 62 
13 52 64 
13 52 66 
13 52 68 
13 52 7 
13 52 70 
13 52 72 
13 52 74 
13 52 9 
13 54 56 
13 54 58 
13 54 60 
13 54 62 
13 54 66 
13 54 7 
13 54 74 
13 54 9 
13 56 58 
13 56 60 
13 56 62 
13 56 64 
13 56 66 
13 56 68 
13 56 7 
13 56 70 
13 56 72 
13 56 74 
13 56 9 
13 58 60 
13 58 62 
13 58 64 
13 58 66 
13 58 68 
13 58 7 
13 58 70 
13 58 72 
13 58 74 
13 58 9 
13 60 62 
13 60 64 
13 60 66 
13 60 68 
13 60 7 
13 60 70 
13 60 72 
13 60 74 
13 60 9 
13 62 64 
13 62 66 
13 62 68 
13 62 7 
13 62 70 
13 62 72 
13 62 74 
13 62 9 
13 64 66 
13 64 7 
13 64 72 
13 64 9 
13 66 7 
13 66 70 
13 66 72 
13 66 74 
13 66 9 
13 68 7 
13 68 9 
13 7 70 
13 7 72 
13 7 74 
13 7 9 
13 70 9 
13 72 9 
13 74 9 
14 17 25 
14 17 29 
14 17 3 
14 17 34 
14 17 36 
14 17 40 
14 17 42 
14 17 48 
14 17 5 
14 17 52 
14 17 56 
14 17 58 
14 17 60 
14 17 62 
14 17 66 
14 17 7 
14 21 25 
14 21 29 
14 21 34 
14 21 36 
14 21 40 
14 21 48 
14 21 5 
14 21 52 
14 21 56 
14 21 58 
14 21 60 
14 21 62 
14 21 66 
14 21 7 
14 25 29 
14 25 3 
14 25 31 
14 25 34 
14 25 36 
14 25 40 
14 25 42 
14 25 44 
14 25 46 
14 25 48 
14 25 5 
14 25 52 
14 25 56 
14 25 58 
14 25 60 
14 25 62 
14 25 64 
14 25 66 
14 25 7 
14 25 72 
14 25 74 
14 25 9 
14 29 3 
14 29 31 
14 29 34 
14 29 36 
14 29 38 
14 29 40 
14 29 42 
14 29 44 
14 29 46 
14 29 48 
14 29 5 
14 29 52 
14 29 56 
14 29 58 
14 29 60 
14 29 62 
14 29 64 
14 29 66 
14 29 7 
14 29 72 
14 29 74 
14 29 9 
14 3 31 
14 3 34 
14 3 36 
14 3 40 
14 3 42 
14 3 44 
14 3 46 
14 3 48 
14 3 5 
14 3 52 
14 3 56 
14 3 58 
14 3 60 
14 3 62 
14 3 64 
14 3 66 
14 3 7 
14 3 72 
14 3 9 
14 31 34 
14 31 36 
14 31 40 
14 31 42 
14 31 44 
14 31 48 
14 31 5 
14 31 52 
14 31 56 
14 31 58 
14 31 60 
14 31 62 
14 31 64 
14 31 66 
14 31 7 
14 31 72 
14 34 36 
14 34 40 
14 34 42 
14 34 44 
14 34 46 
14 34 48 
14 34 5 
14 34 52 
14 34 56 
14 34 58 
14 34 60 
14 34 62 
14 34 64 
14 34 66 
14 34 7 
14 34 72 
14 34 74 
14 34 9 
14 36 38 
14 36 40 
14 36 42 
14 36 44 
14 36 46 
14 36 48 
14 36 5 
14 36 52 
14 36 56 
14 36 58 
14 36 60 
14 36 62 
14 36 64 
14 36 66 
14 36 7 
14 36 72 
14 36 74 
14 36 9 
14 38 40 
14 38 52 
14 38 58 
14 38 60 
14 38 62 
14 38 66 
14 40 42 
14 40 44 
14 40 46 
14 40 48 
14 40 5 
14 40 52 
14 40 56 
14 40 58 
14 40 60 
14 40 62 
14 40 64 
14 40 66 
14 40 7 
14 40 72 
14 40 74 
14 40 9 
14 42 44 
14 42 46 
14 42 48 
14 42 5 
14 42 52 
14 42 56 
14 42 58 
14 42 60 
14 42 62 
14 42 64 
14 42 66 
14 42 7 
14 42 72 
14 42 9 
14 44 46 
14 44 48 
14 44 5 
14 44 52 
14 44 56 
14 44 58 
14 44 60 
14 44 62 
14 44 64 
14 44 66 
14 44 7 
14 44 9 
14 46 48 
14 46 5 
14 46 52 
14 46 56 
14 46 58 
14 46 60 
14 46 62 
14 46 64 
14 46 66 
14 46 7 
14 48 5 
14 48 52 
14 48 56 
14 48 58 
14 48 60 
14 48 62 
14 48 64 
14 48 66 
14 48 7 
14 48 72 
14 48 74 
14 48 9 
14 5 52 
14 5 56 
14 5 58 
14 5 60 
14 5 62 
14 5 64 
14 5 66 
14 5 7 
14 5 72 
14 5 74 
14 5 9 
14 52 56 
14 52 58 
14 52 60 
14 52 62 
14 52 64 
14 52 66 
14 52 7 
14 52 72 
14 52 74 
14 52 9 
14 56 58 
14 56 60 
14 56 62 
14 56 64 
14 56 66 
14 56 7 
14 56 72 
14 56 74 
14 56 9 
14 58 60 
14 58 62 
14 58 64 
14 58 66 
14 58 7 
14 58 72 
14 58 74 
14 58 9 
14 60 62 
14 60 64 
14 60 66 
14 60 7 
14 60 72 
14 60 74 
14 60 9 
14 62 64 
14 62 66 
14 62 7 
14 62 72 
14 62 74 
14 62 9 
14 64 66 
14 64 7 
14 64 72 
14 64 9 
14 66 7 
14 66 72 
14 66 74 
14 66 9 
14 7 72 
14 7 74 
14 7 9 
15 17 19 
15 17 21 
15 17 23 
15 17 25 
15 17 27 
15 17 29 
15 17 3 
15 17 31 
15 17 34 
15 17 36 
15 17 38 
15 17 40 
15 17 42 
15 17 44 
15 17 46 
15 17 48 
15 17 5 
15 17 50 
15 17 52 
15 17 54 
15 17 56 
15 17 58 
15 17 60 
15 17 62 
15 17 64 
15 17 66 
15 17 68 
15 17 7 
15 17 70 
15 17 72 
15 17 74 
15 17 9 
15 19 21 
15 19 25 
15 19 27 
15 19 29 
15 19 3 
15 19 31 
15 19 34 
15 19 36 
15 19 40 
15 19 42 
15 19 44 
15 19 46 
15 19 48 
15 19 5 
15 19 52 
15 19 54 
15 19 56 
15 19 58 
15 19 60 
15 19 62 
15 19 64 
15 19 66 
15 19 7 
15 19 72 
15 19 74 
15 19 9 
15 21 25 
15 21 27 
15 21 29 
15 21 3 
15 21 31 
15 21 34 
15 21 36 
15 21 40 
15 21 42 
15 21 44 
15 21 46 
15 21 48 
15 21 5 
15 21 52 
15 21 56 
15 21 58 
15 21 60 
15 21 62 
15 21 64 
15 21 66 
15 21 7 
15 21 72 
15 21 74 
15 21 9 
15 23 25 
15 23 29 
15 23 3 
15 23 31 
15 23 34 
15 23 36 
15 23 40 
15 23 42 
15 23 48 
15 23 5 
15 23 52 
15 23 56 
15 23 58 
15 23 60 
15 23 62 
15 23 64 
15 23 66 
15 23 7 
15 23 72 
15 23 9 
15 25 27 
15 25 29 
15 25 3 
15 25 31 
15 25 34 
15 25 36 
15 25 38 
15 25 40 
15 25 42 
15 25 44 
15 25 46 
15 25 48 
15 25 5 
15 25 50 
15 25 52 
15 25 54 
15 25 56 
15 25 58 
15 25 60 
15 25 62 
15 25 64 
15 25 66 
15 25 68 
15 25 7 
15 25 70 
15 25 72 
15 25 74 
15 25 9 
15 27 29 
15 27 3 
15 27 31 
15 27 34 
15 27 36 
15 27 40 
15 27 42 
15 27 46 
15 27 48 
15 27 5 
15 27 52 
15 27 56 
15 27 58 
15 27 60 
15 27 62 
15 27 66 
15 27 7 
15 27 74 
15 27 9 
15 29 3 
15 29 31 
15 29 34 
15 29 36 
15 29 38 
15 29 40 
15 29 42 
15 29 44 
15 29 46 
15 29 48 
15 29 5 
15 29 50 
15 29 52 
15 29 54 
15 29 56 
15 29 58 
15 29 60 
15 29 62 
15 29 64 
15 29 66 
15 29 68 
15 29 7 
15 29 70 
15 29 72 
15 29 74 
15 29 9 
15 3 31 
15 3 34 
15 3 36 
15 3 38 
15 3 40 
15 3 42 
15 3 44 
15 3 46 
15 3 48 
15 3 5 
15 3 50 
15 3 52 
15 3 54 
15 3 56 
15 3 58 
15 3 60 
15 3 62 
15 3 64 
15 3 66 
15 3 68 
15 3 7 
15 3 70 
15 3 72 
15 3 74 
15 3 9 
15 31 34 
15 31 36 
15 31 38 
15 31 40 
15 31 42 
15 31 44 
15 31 46 
15 31 48 
15 31 5 
15 31 52 
15 31 56 
15 31 58 
15 31 60 
15 31 62 
15 31 64 
15 31 66 
15 31 7 
15 31 70 
15 31 72 
15 31 74 
15 31 9 
15 34 36 
15 34 38 
15 34 40 
15 34 42 
15 34 44 
15 34 46 
15 34 48 
15 34 5 
15 34 50 
15 34 52 
15 34 54 
15 34 56 
15 34 58 
15 34 60 
15 34 62 
15 34 64 
15 34 66 
15 34 68 
15 34 7 
15 34 70 
15 34 72 
15 34 74 
15 34 9 
15 36 38 
15 36 40 
15 36 42 
15 36 44 
15 36 46 
15 36 48 
15 36 5 
15 36 50 
15 36 52 
15 36 54 
15 36 56 
15 36 58 
15 36 60 
15 36 62 
15 36 64 
15 36 66 
15 36 68 
15 36 7 
15 36 70 
15 36 72 
15 36 74 
15 36 9 
15 38 40 
15 38 42 
15 38 44 
15 38 46 
15 38 48 
15 38 5 
15 38 52 
15 38 56 
15 38 58 
15 38 60 
15 38 62 
15 38 64 
15 38 66 
15 38 7 
15 38 70 
15 38 72 
15 38 74 
15 38 9 
15 40 42 
15 40 44 
15 40 46 
15 40 48 
15 40 5 
15 40 50 
15 40 52 
15 40 54 
15 40 56 
15 40 58 
15 40 60 
15 40 62 
15 40 64 
15 40 66 
15 40 68 
15 40 7 
15 40 70 
15 40 72 
15 40 74 
15 40 9 
15 42 44 
15 42 46 
15 42 48 
15 42 5 
15 42 50 
15 42 52 
15 42 54 
15 42 56 
15 42 58 
15 42 60 
15 42 62 
15 42 64 
15 42 66 
15 42 68 
15 42 7 
15 42 70 
15 42 72 
15 42 74 
15 42 9 
15 44 46 
15 44 48 
15 44 5 
15 44 52 
15 44 54 
15 44 56 
15 44 58 
15 44 60 
15 44 62 
15 44 64 
15 44 66 
15 44 68 
15 44 7 
15 44 70 
15 44 72 
15 44 74 
15 44 9 
15 46 48 
15 46 5 
15 46 52 
15 46 54 
15 46 56 
15 46 58 
15 46 60 
15 46 62 
15 46 64 
15 46 66 
15 46 7 
15 46 72 
15 46 74 
15 46 9 
15 48 5 
15 48 50 
15 48 52 
15 48 54 
15 48 56 
15 48 58 
15 48 60 
15 48 62 
15 48 64 
15 48 66 
15 48 68 
15 48 7 
15 48 70 
15 48 72 
15 48 74 
15 48 9 
15 5 50 
15 5 52 
15 5 54 
15 5 56 
15 5 58 
15 5 60 
15 5 62 
15 5 64 
15 5 66 
15 5 68 
15 5 7 
15 5 70 
15 5 72 
15 5 74 
15 5 9 
15 50 52 
15 50 56 
15 50 58 
15 50 60 
15 50 62 
15 50 66 
15 50 7 
15 50 9 
15 52 54 
15 52 56 
15 52 58 
15 52 60 
15 52 62 
15 52 64 
15 52 66 
15 52 68 
15 52 7 
15 52 70 
15 52 72 
15 52 74 
15 52 9 
15 54 56 
15 54 58 
15 54 60 
15 54 62 
15 54 66 
15 54 7 
15 54 74 
15 54 9 
15 56 58 
15 56 60 
15 56 62 
15 56 64 
15 56 66 
15 56 68 
15 56 7 
15 56 70 
15 56 72 
15 56 74 
15 56 9 
15 58 60 
15 58 62 
15 58 64 
15 58 66 
15 58 68 
15 58 7 
15 58 70 
15 58 72 
15 58 74 
15 58 9 
15 60 62 
15 60 64 
15 60 66 
15 60 68 
15 60 7 
15 60 70 
15 60 72 
15 60 74 
15 60 9 
15 62 64 
15 62 66 
15 62 68 
15 62 7 
15 62 70 
15 62 72 
15 62 74 
15 62 9 
15 64 66 
15 64 7 
15 64 70 
15 64 72 
15 64 74 
15 64 9 
15 66 68 
15 66 7 
15 66 70 
15 66 72 
15 66 74 
15 66 9 
15 68 7 
15 68 74 
15 68 9 
15 7 70 
15 7 72 
15 7 74 
15 7 9 
15 70 72 
15 70 74 
15 70 9 
15 72 9 
15 74 9 
16 25 29 
16 25 34 
16 25 36 
16 25 40 
16 25 44 
16 25 48 
16 25 5 
16 25 52 
16 25 56 
16 25 58 
16 25 60 
16 25 62 
16 25 64 
16 25 66 
16 25 7 
16 29 34 
16 29 36 
16 29 40 
16 29 44 
16 29 48 
16 29 5 
16 29 52 
16 29 56 
16 29 58 
16 29 60 
16 29 62 
16 29 64 
16 29 66 
16 29 7 
16 29 9 
16 34 36 
16 34 40 
16 34 44 
16 34 48 
16 34 5 
16 34 52 
16 34 56 
16 34 58 
16 34 60 
16 34 62 
16 34 64 
16 34 66 
16 34 7 
16 34 9 
16 36 40 
16 36 44 
16 36 48 
16 36 5 
16 36 52 
16 36 56 
16 36 58 
16 36 60 
16 36 62 
16 36 64 
16 36 66 
16 36 7 
16 36 9 
16 40 44 
16 40 48 
16 40 5 
16 40 52 
16 40 56 
16 40 58 
16 40 60 
16 40 62 
16 40 64 
16 40 66 
16 40 7 
16 40 9 
16 44 48 
16 44 5 
16 44 52 
16 44 56 
16 44 58 
16 44 60 
16 44 62 
16 44 64 
16 44 66 
16 44 7 
16 44 9 
16 48 5 
16 48 52 
16 48 56 
16 48 58 
16 48 60 
16 48 62 
16 48 64 
16 48 66 
16 48 7 
16 48 9 
16 5 52 
16 5 56 
16 5 58 
16 5 60 
16 5 62 
16 5 64 
16 5 66 
16 5 7 
16 5 9 
16 52 56 
16 52 58 
16 52 60 
16 52 62 
16 52 64 
16 52 66 
16 52 7 
16 52 9 
16 56 58 
16 56 60 
16 56 62 
16 56 64 
16 56 66 
16 56 7 
16 56 9 
16 58 60 
16 58 62 
16 58 64 
16 58 66 
16 58 7 
16 58 9 
16 60 62 
16 60 64 
16 60 66 
16 60 7 
16 60 9 
16 62 64 
16 62 66 
16 62 7 
16 62 9 
16 64 66 
16 64 7 
16 66 7 
16 66 9 
17 19 21 
17 19 23 
17 19 25 
17 19 27 
17 19 29 
17 19 3 
17 19 31 
17 19 34 
17 19 36 
17 19 38 
17 19 40 
17 19 42 
17 19 44 
17 19 46 
17 19 48 
17 19 5 
17 19 50 
17 19 52 
17 19 54 
17 19 56 
17 19 58 
17 19 60 
17 19 62 
17 19 64 
17 19 66 
17 19 68 
17 19 7 
17 19 70 
17 19 72 
17 19 74 
17 19 9 
17 2 29 
17 2 40 
17 2 44 
17 2 52 
17 2 58 
17 21 23 
17 21 25 
17 21 27 
17 21 29 
17 21 3 
17 21 31 
17 21 34 
17 21 36 
17 21 38 
17 21 40 
17 21 42 
17 21 44 
17 21 46 
17 21 48 
17 21 5 
17 21 50 
17 21 52 
17 21 54 
17 21 56 
17 21 58 
17 21 60 
17 21 62 
17 21 64 
17 21 66 
17 21 68 
17 21 7 
17 21 70 
17 21 72 
17 21 74 
17 21 9 
17 23 25 
17 23 29 
17 23 3 
17 23 31 
17 23 34 
17 23 36 
17 23 40 
17 23 42 
17 23 44 
17 23 46 
17 23 48 
17 23 5 
17 23 52 
17 23 56 
17 23 58 
17 23 60 
17 23 62 
17 23 64 
17 23 66 
17 23 7 
17 23 72 
17 23 9 
17 24 29 
17 24 34 
17 24 40 
17 24 52 
17 24 54 
17 24 56 
17 24 58 
17 24 60 
17 24 62 
17 24 66 
17 24 7 
17 24 74 
17 25 27 
17 25 29 
17 25 3 
17 25 31 
17 25 34 
17 25 36 
17 25 38 
17 25 40 
17 25 42 
17 25 44 
17 25 46 
17 25 48 
17 25 5 
17 25 50 
17 25 52 
17 25 54 
17 25 56 
17 25 58 
17 25 60 
17 25 62 
17 25 64 
17 25 66 
17 25 68 
17 25 7 
17 25 70 
17 25 72 
17 25 74 
17 25 9 
17 27 29 
17 27 3 
17 27 31 
17 27 34 
17 27 36 
17 27 40 
17 27 42 
17 27 44 
17 27 46 
17 27 48 
17 27 5 
17 27 50 
17 27 52 
17 27 54 
17 27 56 
17 27 58 
17 27 60 
17 27 62 
17 27 64 
17 27 66 
17 27 68 
17 27 7 
17 27 70 
17 27 72 
17 27 74 
17 27 9 
17 29 3 
17 29 31 
17 29 34 
17 29 36 
17 29 38 
17 29 40 
17 29 42 
17 29 44 
17 29 46 
17 29 48 
17 29 5 
17 29 50 
17 29 52 
17 29 54 
17 29 56 
17 29 58 
17 29 60 
17 29 62 
17 29 64 
17 29 66 
17 29 68 
17 29 7 
17 29 70 
17 29 72 
17 29 74 
17 29 9 
17 3 31 
17 3 34 
17 3 36 
17 3 38 
17 3 40 
17 3 42 
17 3 44 
17 3 46 
17 3 48 
17 3 5 
17 3 50 
17 3 52 
17 3 54 
17 3 56 
17 3 58 
17 3 60 
17 3 62 
17 3 64 
17 3 66 
17 3 68 
17 3 7 
17 3 70 
17 3 72 
17 3 74 
17 3 9 
17 31 34 
17 31 36 
17 31 38 
17 31 40 
17 31 42 
17 31 44 
17 31 46 
17 31 48 
17 31 5 
17 31 50 
17 31 52 
17 31 54 
17 31 56 
17 31 58 
17 31 60 
17 31 62 
17 31 64 
17 31 66 
17 31 68 
17 31 7 
17 31 70 
17 31 72 
17 31 74 
17 31 9 
17 34 36 
17 34 38 
17 34 40 
17 34 42 
17 34 44 
17 34 46 
17 34 48 
17 34 5 
17 34 50 
17 34 52 
17 34 54 
17 34 56 
17 34 58 
17 34 60 
17 34 62 
17 34 64 
17 34 66 
17 34 68 
17 34 7 
17 34 70 
17 34 72 
17 34 74 
17 34 9 
17 36 38 
17 36 40 
17 36 42 
17 36 44 
17 36 46 
17 36 48 
17 36 5 
17 36 50 
17 36 52 
17 36 54 
17 36 56 
17 36 58 
17 36 60 
17 36 62 
17 36 64 
17 36 66 
17 36 68 
17 36 7 
17 36 70 
17 36 72 
17 36 74 
17 36 9 
17 38 40 
17 38 42 
17 38 44 
17 38 46 
17 38 48 
17 38 5 
17 38 50 
17 38 52 
17 38 54 
17 38 56 
17 38 58 
17 38 60 
17 38 62 
17 38 64 
17 38 66 
17 38 68 
17 38 7 
17 38 70 
17 38 72 
17 38 74 
17 38 9 
17 40 42 
17 40 44 
17 40 46 
17 40 48 
17 40 5 
17 40 50 
17 40 52 
17 40 54 
17 40 56 
17 40 58 
17 40 60 
17 40 62 
17 40 64 
17 40 66 
17 40 68 
17 40 7 
17 40 70 
17 40 72 
17 40 74 
17 40 9 
17 42 44 
17 42 46 
17 42 48 
17 42 5 
17 42 50 
17 42 52 
17 42 54 
17 42 56 
17 42 58 
17 42 60 
17 42 62 
17 42 64 
17 42 66 
17 42 68 
17 42 7 
17 42 70 
17 42 72 
17 42 74 
17 42 9 
17 44 46 
17 44 48 
17 44 5 
17 44 50 
17 44 52 
17 44 54 
17 44 56 
17 44 58 
17 44 60 
17 44 62 
17 44 64 
17 44 66 
17 44 68 
17 44 7 
17 44 70 
17 44 72 
17 44 74 
17 44 9 
17 46 48 
17 46 5 
17 46 50 
17 46 52 
17 46 54 
17 46 56 
17 46 58 
17 46 60 
17 46 62 
17 46 64 
17 46 66 
17 46 68 
17 46 7 
17 46 70 
17 46 72 
17 46 74 
17 46 9 
17 48 5 
17 48 50 
17 48 52 
17 48 54 
17 48 56 
17 48 58 
17 48 60 
17 48 62 
17 48 64 
17 48 66 
17 48 68 
17 48 7 
17 48 70 
17 48 72 
17 48 74 
17 48 9 
17 5 50 
17 5 52 
17 5 54 
17 5 56 
17 5 58 
17 5 60 
17 5 62 
17 5 64 
17 5 66 
17 5 68 
17 5 7 
17 5 70 
17 5 72 
17 5 74 
17 5 9 
17 50 52 
17 50 54 
17 50 56 
17 50 58 
17 50 60 
17 50 62 
17 50 64 
17 50 66 
17 50 7 
17 50 70 
17 50 72 
17 50 74 
17 50 9 
17 51 52 
17 51 58 
17 52 54 
17 52 56 
17 52 58 
17 52 60 
17 52 62 
17 52 64 
17 52 66 
17 52 68 
17 52 7 
17 52 70 
17 52 72 
17 52 74 
17 52 9 
17 54 56 
17 54 58 
17 54 60 
17 54 62 
17 54 64 
17 54 66 
17 54 68 
17 54 7 
17 54 70 
17 54 72 
17 54 74 
17 54 9 
17 56 58 
17 56 60 
17 56 62 
17 56 64 
17 56 66 
17 56 68 
17 56 7 
17 56 70 
17 56 72 
17 56 74 
17 56 9 
17 58 60 
17 58 62 
17 58 64 
17 58 66 
17 58 68 
17 58 7 
17 58 70 
17 58 72 
17 58 74 
17 58 9 
17 60 62 
17 60 64 
17 60 66 
17 60 68 
17 60 7 
17 60 70 
17 60 72 
17 60 74 
17 60 9 
17 62 64 
17 62 66 
17 62 68 
17 62 7 
17 62 70 
17 62 72 
17 62 74 
17 62 9 
17 64 66 
17 64 68 
17 64 7 
17 64 70 
17 64 72 
17 64 74 
17 64 9 
17 66 68 
17 66 7 
17 66 70 
17 66 72 
17 66 74 
17 66 9 
17 68 7 
17 68 70 
17 68 72 
17 68 74 
17 68 9 
17 7 70 
17 7 72 
17 7 74 
17 7 9 
17 70 72 
17 70 74 
17 70 9 
17 72 74 
17 72 9 
17 74 9 
19 21 25 
19 21 29 
19 21 3 
19 21 31 
19 21 34 
19 21 36 
19 21 40 
19 21 42 
19 21 44 
19 21 46 
19 21 48 
19 21 5 
19 21 52 
19 21 56 
19 21 58 
19 21 60 
19 21 62 
19 21 64 
19 21 66 
19 21 7 
19 21 74 
19 21 9 
19 23 29 
19 23 3 
19 23 31 
19 23 34 
19 23 36 
19 23 40 
19 23 42 
19 23 46 
19 23 48 
19 23 5 
19 23 52 
19 23 56 
19 23 58 
19 23 60 
19 23 62 
19 23 64 
19 23 66 
19 23 7 
19 23 72 
19 23 9 
19 25 27 
19 25 29 
19 25 3 
19 25 31 
19 25 34 
19 25 36 
19 25 38 
19 25 40 
19 25 42 
19 25 44 
19 25 46 
19 25 48 
19 25 5 
19 25 50 
19 25 52 
19 25 54 
19 25 56 
19 25 58 
19 25 60 
19 25 62 
19 25 64 
19 25 66 
19 25 68 
19 25 7 
19 25 70 
19 25 72 
19 25 74 
19 25 9 
19 27 29 
19 27 3 
19 27 31 
19 27 34 
19 27 36 
19 27 40 
19 27 42 
19 27 44 
19 27 46 
19 27 48 
19 27 5 
19 27 52 
19 27 56 
19 27 58 
19 27 60 
19 27 62 
19 27 66 
19 27 7 
19 27 74 
19 27 9 
19 29 3 
19 29 31 
19 29 34 
19 29 36 
19 29 38 
19 29 40 
19 29 42 
19 29 44 
19 29 46 
19 29 48 
19 29 5 
19 29 50 
19 29 52 
19 29 54 
19 29 56 
19 29 58 
19 29 60 
19 29 62 
19 29 64 
19 29 66 
19 29 68 
19 29 7 
19 29 70 
19 29 72 
19 29 74 
19 29 9 
19 3 31 
19 3 34 
19 3 36 
19 3 38 
19 3 40 
19 3 42 
19 3 44 
19 3 46 
19 3 48 
19 3 5 
19 3 50 
19 3 52 
19 3 54 
19 3 56 
19 3 58 
19 3 60 
19 3 62 
19 3 64 
19 3 66 
19 3 68 
19 3 7 
19 3 70 
19 3 72 
19 3 74 
19 3 9 
19 31 34 
19 31 36 
19 31 38 
19 31 40 
19 31 42 
19 31 44 
19 31 46 
19 31 48 
19 31 5 
19 31 52 
19 31 56 
19 31 58 
19 31 60 
19 31 62 
19 31 64 
19 31 66 
19 31 7 
19 31 72 
19 31 74 
19 31 9 
19 34 36 
19 34 38 
19 34 40 
19 34 42 
19 34 44 
19 34 46 
19 34 48 
19 34 5 
19 34 50 
19 34 52 
19 34 54 
19 34 56 
19 34 58 
19 34 60 
19 34 62 
19 34 64 
19 34 66 
19 34 68 
19 34 7 
19 34 70 
19 34 72 
19 34 74 
19 34 9 
19 36 38 
19 36 40 
19 36 42 
19 36 44 
19 36 46 
19 36 48 
19 36 5 
19 36 50 
19 36 52 
19 36 54 
19 36 56 
19 36 58 
19 36 60 
19 36 62 
19 36 64 
19 36 66 
19 36 68 
19 36 7 
19 36 70 
19 36 72 
19 36 74 
19 36 9 
19 38 40 
19 38 42 
19 38 44 
19 38 46 
19 38 48 
19 38 5 
19 38 52 
19 38 56 
19 38 58 
19 38 60 
19 38 62 
19 38 64 
19 38 66 
19 38 7 
19 38 70 
19 38 74 
19 38 9 
19 40 42 
19 40 44 
19 40 46 
19 40 48 
19 40 5 
19 40 50 
19 40 52 
19 40 54 
19 40 56 
19 40 58 
19 40 60 
19 40 62 
19 40 64 
19 40 66 
19 40 68 
19 40 7 
19 40 70 
19 40 72 
19 40 74 
19 40 9 
19 42 44 
19 42 46 
19 42 48 
19 42 5 
19 42 52 
19 42 54 
19 42 56 
19 42 58 
19 42 60 
19 42 62 
19 42 64 
19 42 66 
19 42 68 
19 42 7 
19 42 70 
19 42 72 
19 42 74 
19 42 9 
19 44 46 
19 44 48 
19 44 5 
19 44 52 
19 44 54 
19 44 56 
19 44 58 
19 44 60 
19 44 62 
19 44 64 
19 44 66 
19 44 68 
19 44 7 
19 44 70 
19 44 72 
19 44 74 
19 44 9 
19 46 48 
19 46 5 
19 46 50 
19 46 52 
19 46 54 
19 46 56 
19 46 58 
19 46 60 
19 46 62 
19 46 64 
19 46 66 
19 46 68 
19 46 7 
19 46 70 
19 46 72 
19 46 74 
19 46 9 
19 48 5 
19 48 50 
19 48 52 
19 48 54 
19 48 56 
19 48 58 
19 48 60 
19 48 62 
19 48 64 
19 48 66 
19 48 68 
19 48 7 
19 48 70 
19 48 72 
19 48 74 
19 48 9 
19 5 50 
19 5 52 
19 5 54 
19 5 56 
19 5 58 
19 5 60 
19 5 62 
19 5 64 
19 5 66 
19 5 68 
19 5 7 
19 5 70 
19 5 72 
19 5 74 
19 5 9 
19 50 52 
19 50 56 
19 50 58 
19 50 60 
19 50 62 
19 50 66 
19 50 7 
19 50 9 
19 52 54 
19 52 56 
19 52 58 
19 52 60 
19 52 62 
19 52 64 
19 52 66 
19 52 68 
19 52 7 
19 52 70 
19 52 72 
19 52 74 
19 52 9 
19 54 56 
19 54 58 
19 54 60 
19 54 62 
19 54 66 
19 54 7 
19 54 74 
19 54 9 
19 56 58 
19 56 60 
19 56 62 
19 56 64 
19 56 66 
19 56 68 
19 56 7 
19 56 70 
19 56 72 
19 56 74 
19 56 9 
19 58 60 
19 58 62 
19 58 64 
19 58 66 
19 58 68 
19 58 7 
19 58 70 
19 58 72 
19 58 74 
19 58 9 
19 60 62 
19 60 64 
19 60 66 
19 60 68 
19 60 7 
19 60 70 
19 60 72 
19 60 74 
19 60 9 
19 62 64 
19 62 66 
19 62 68 
19 62 7 
19 62 70 
19 62 72 
19 62 74 
19 62 9 
19 64 66 
19 64 68 
19 64 7 
19 64 70 
19 64 72 
19 64 74 
19 64 9 
19 66 68 
19 66 7 
19 66 70 
19 66 72 
19 66 74 
19 66 9 
19 68 7 
19 68 9 
19 7 70 
19 7 72 
19 7 74 
19 7 9 
19 70 9 
19 72 9 
19 74 9 
2 25 29 
2 25 3 
2 25 31 
2 25 34 
2 25 36 
2 25 38 
2 25 40 
2 25 42 
2 25 44 
2 25 46 
2 25 48 
2 25 5 
2 25 52 
2 25 56 
2 25 58 
2 25 60 
2 25 62 
2 25 64 
2 25 66 
2 25 7 
2 25 74 
2 25 9 
2 29 3 
2 29 31 
2 29 34 
2 29 36 
2 29 38 
2 29 40 
2 29 42 
2 29 44 
2 29 46 
2 29 48 
2 29 5 
2 29 52 
2 29 54 
2 29 56 
2 29 58 
2 29 60 
2 29 62 
2 29 64 
2 29 66 
2 29 7 
2 29 72 
2 29 74 
2 29 9 
2 3 31 
2 3 34 
2 3 36 
2 3 38 
2 3 40 
2 3 42 
2 3 44 
2 3 46 
2 3 48 
2 3 5 
2 3 52 
2 3 56 
2 3 58 
2 3 60 
2 3 62 
2 3 64 
2 3 66 
2 3 7 
2 3 9 
2 31 34 
2 31 36 
2 31 40 
2 31 42 
2 31 44 
2 31 46 
2 31 48 
2 31 5 
2 31 52 
2 31 56 
2 31 58 
2 31 60 
2 31 62 
2 31 64 
2 31 66 
2 31 7 
2 31 9 
2 34 36 
2 34 38 
2 34 40 
2 34 42 
2 34 44 
2 34 46 
2 34 48 
2 34 5 
2 34 52 
2 34 56 
2 34 58 
2 34 60 
2 34 62 
2 34 64 
2 34 66 
2 34 7 
2 34 74 
2 34 9 
2 36 38 
2 36 40 
2 36 42 
2 36 44 
2 36 46 
2 36 48 
2 36 5 
2 36 52 
2 36 54 
2 36 56 
2 36 58 
2 36 60 
2 36 62 
2 36 64 
2 36 66 
2 36 7 
2 36 74 
2 36 9 
2 38 40 
2 38 42 
2 38 44 
2 38 48 
2 38 5 
2 38 52 
2 38 56 
2 38 58 
2 38 60 
2 38 62 
2 38 64 
2 38 66 
2 38 7 
2 38 9 
2 40 42 
2 40 44 
2 40 46 
2 40 48 
2 40 5 
2 40 52 
2 40 54 
2 40 56 
2 40 58 
2 40 60 
2 40 62 
2 40 64 
2 40 66 
2 40 7 
2 40 72 
2 40 74 
2 40 9 
2 42 44 
2 42 46 
2 42 48 
2 42 5 
2 42 52 
2 42 56 
2 42 58 
2 42 60 
2 42 62 
2 42 64 
2 42 66 
2 42 7 
2 42 9 
2 44 46 
2 44 48 
2 44 5 
2 44 52 
2 44 54 
2 44 56 
2 44 58 
2 44 60 
2 44 62 
2 44 64 
2 44 66 
2 44 7 
2 44 72 
2 44 74 
2 44 9 
2 46 48 
2 46 5 
2 46 52 
2 46 56 
2 46 58 
2 46 60 
2 46 62 
2 46 64 
2 46 66 
2 46 7 
2 46 9 
2 48 5 
2 48 52 
2 48 56 
2 48 58 
2 48 60 
2 48 62 
2 48 64 
2 48 66 
2 48 7 
2 48 74 
2 48 9 
2 5 52 
2 5 54 
2 5 56 
2 5 58 
2 5 60 
2 5 62 
2 5 64 
2 5 66 
2 5 7 
2 5 74 
2 5 9 
2 52 54 
2 52 56 
2 52 58 
2 52 60 
2 52 62 
2 52 64 
2 52 66 
2 52 7 
2 52 72 
2 52 74 
2 52 9 
2 54 56 
2 54 58 
2 54 60 
2 54 62 
2 54 7 
2 56 58 
2 56 60 
2 56 62 
2 56 64 
2 56 66 
2 56 7 
2 56 74 
2 56 9 
2 58 60 
2 58 62 
2 58 64 
2 58 66 
2 58 7 
2 58 72 
2 58 74 
2 58 9 
2 60 62 
2 60 64 
2 60 66 
2 60 7 
2 60 72 
2 60 74 
2 60 9 
2 62 64 
2 62 66 
2 62 7 
2 62 74 
2 62 9 
2 64 66 
2 64 7 
2 64 9 
2 66 7 
2 66 72 
2 66 9 
2 7 74 
2 7 9 
2 74 9 
20 25 29 
20 25 34 
20 25 36 
20 25 40 
20 25 48 
20 25 5 
20 25 52 
20 25 56 
20 25 58 
20 25 60 
20 25 62 
20 25 66 
20 25 7 
20 29 3 
20 29 34 
20 29 36 
20 29 40 
20 29 44 
20 29 48 
20 29 5 
20 29 52 
20 29 56 
20 29 58 
20 29 60 
20 29 62 
20 29 64 
20 29 66 
20 29 7 
20 29 9 
20 3 34 
20 3 36 
20 3 40 
20 3 48 
20 3 52 
20 3 56 
20 3 58 
20 3 60 
20 3 62 
20 3 7 
20 34 36 
20 34 40 
20 34 44 
20 34 48 
20 34 5 
20 34 52 
20 34 56 
20 34 58 
20 34 60 
20 34 62 
20 34 66 
20 34 7 
20 34 9 
20 36 40 
20 36 44 
20 36 48 
20 36 5 
20 36 52 
20 36 56 
20 36 58 
20 36 60 
20 36 62 
20 36 64 
20 36 66 
20 36 7 
20 36 9 
20 40 44 
20 40 48 
20 40 5 
20 40 52 
20 40 56 
20 40 58 
20 40 60 
20 40 62 
20 40 64 
20 40 66 
20 40 7 
20 40 9 
20 44 48 
20 44 5 
20 44 52 
20 44 56 
20 44 58 
20 44 60 
20 44 62 
20 44 7 
20 48 5 
20 48 52 
20 48 56 
20 48 58 
20 48 60 
20 48 62 
20 48 66 
20 48 7 
20 48 9 
20 5 52 
20 5 56 
20 5 58 
20 5 60 
20 5 62 
20 5 64 
20 5 66 
20 5 7 
20 5 9 
20 52 56 
20 52 58 
20 52 60 
20 52 62 
20 52 64 
20 52 66 
20 52 7 
20 52 9 
20 56 58 
20 56 60 
20 56 62 
20 56 66 
20 56 7 
20 56 9 
20 58 60 
20 58 62 
20 58 64 
20 58 66 
20 58 7 
20 58 9 
20 60 62 
20 60 64 
20 60 66 
20 60 7 
20 60 9 
20 62 64 
20 62 66 
20 62 7 
20 62 9 
20 66 7 
20 66 9 
20 7 9 
21 23 25 
21 23 29 
21 23 3 
21 23 31 
21 23 34 
21 23 36 
21 23 40 
21 23 42 
21 23 44 
21 23 48 
21 23 5 
21 23 52 
21 23 56 
21 23 58 
21 23 60 
21 23 62 
21 23 64 
21 23 66 
21 23 7 
21 23 72 
21 23 9 
21 25 27 
21 25 29 
21 25 3 
21 25 31 
21 25 34 
21 25 36 
21 25 38 
21 25 40 
21 25 42 
21 25 44 
21 25 46 
21 25 48 
21 25 5 
21 25 50 
21 25 52 
21 25 54 
21 25 56 
21 25 58 
21 25 60 
21 25 62 
21 25 64 
21 25 66 
21 25 68 
21 25 7 
21 25 70 
21 25 72 
21 25 74 
21 25 9 
21 27 29 
21 27 3 
21 27 31 
21 27 34 
21 27 36 
21 27 40 
21 27 42 
21 27 44 
21 27 46 
21 27 48 
21 27 5 
21 27 52 
21 27 54 
21 27 56 
21 27 58 
21 27 60 
21 27 62 
21 27 64 
21 27 66 
21 27 68 
21 27 7 
21 27 72 
21 27 74 
21 27 9 
21 29 3 
21 29 31 
21 29 34 
21 29 36 
21 29 38 
21 29 40 
21 29 42 
21 29 44 
21 29 46 
21 29 48 
21 29 5 
21 29 50 
21 29 52 
21 29 54 
21 29 56 
21 29 58 
21 29 60 
21 29 62 
21 29 64 
21 29 66 
21 29 68 
21 29 7 
21 29 70 
21 29 72 
21 29 74 
21 29 9 
21 3 31 
21 3 34 
21 3 36 
21 3 38 
21 3 40 
21 3 42 
21 3 44 
21 3 46 
21 3 48 
21 3 5 
21 3 50 
21 3 52 
21 3 54 
21 3 56 
21 3 58 
21 3 60 
21 3 62 
21 3 64 
21 3 66 
21 3 68 
21 3 7 
21 3 70 
21 3 72 
21 3 74 
21 3 9 
21 31 34 
21 31 36 
21 31 38 
21 31 40 
21 31 42 
21 31 44 
21 31 46 
21 31 48 
21 31 5 
21 31 50 
21 31 52 
21 31 54 
21 31 56 
21 31 58 
21 31 60 
21 31 62 
21 31 64 
21 31 66 
21 31 68 
21 31 7 
21 31 70 
21 31 72 
21 31 74 
21 31 9 
21 34 36 
21 34 38 
21 34 40 
21 34 42 
21 34 44 
21 34 46 
21 34 48 
21 34 5 
21 34 50 
21 34 52 
21 34 54 
21 34 56 
21 34 58 
21 34 60 
21 34 62 
21 34 64 
21 34 66 
21 34 68 
21 34 7 
21 34 70 
21 34 72 
21 34 74 
21 34 9 
21 36 38 
21 36 40 
21 36 42 
21 36 44 
21 36 46 
21 36 48 
21 36 5 
21 36 50 
21 36 52 
21 36 54 
21 36 56 
21 36 58 
21 36 60 
21 36 62 
21 36 64 
21 36 66 
21 36 68 
21 36 7 
21 36 70 
21 36 72 
21 36 74 
21 36 9 
21 38 40 
21 38 42 
21 38 44 
21 38 48 
21 38 5 
21 38 52 
21 38 56 
21 38 58 
21 38 60 
21 38 62 
21 38 64 
21 38 66 
21 38 68 
21 38 7 
21 38 70 
21 38 72 
21 38 74 
21 38 9 
21 40 42 
21 40 44 
21 40 46 
21 40 48 
21 40 5 
21 40 50 
21 40 52 
21 40 54 
21 40 56 
21 40 58 
21 40 60 
21 40 62 
21 40 64 
21 40 66 
21 40 68 
21 40 7 
21 40 70 
21 40 72 
21 40 74 
21 40 9 
21 42 44 
21 42 46 
21 42 48 
21 42 5 
21 42 50 
21 42 52 
21 42 54 
21 42 56 
21 42 58 
21 42 60 
21 42 62 
21 42 64 
21 42 66 
21 42 68 
21 42 7 
21 42 70 
21 42 72 
21 42 74 
21 42 9 
21 44 46 
21 44 48 
21 44 5 
21 44 50 
21 44 52 
21 44 54 
21 44 56 
21 44 58 
21 44 60 
21 44 62 
21 44 64 
21 44 66 
21 44 68 
21 44 7 
21 44 70 
21 44 72 
21 44 74 
21 44 9 
21 46 48 
21 46 5 
21 46 52 
21 46 54 
21 46 56 
21 46 58 
21 46 60 
21 46 62 
21 46 64 
21 46 66 
21 46 68 
21 46 7 
21 46 72 
21 46 74 
21 46 9 
21 48 5 
21 48 50 
21 48 52 
21 48 54 
21 48 56 
21 48 58 
21 48 60 
21 48 62 
21 48 64 
21 48 66 
21 48 68 
21 48 7 
21 48 70 
21 48 72 
21 48 74 
21 48 9 
21 5 50 
21 5 52 
21 5 54 
21 5 56 
21 5 58 
21 5 60 
21 5 62 
21 5 64 
21 5 66 
21 5 68 
21 5 7 
21 5 70 
21 5 72 
21 5 74 
21 5 9 
21 50 52 
21 50 56 
21 50 58 
21 50 60 
21 50 62 
21 50 64 
21 50 66 
21 50 7 
21 50 9 
21 52 54 
21 52 56 
21 52 58 
21 52 60 
21 52 62 
21 52 64 
21 52 66 
21 52 68 
21 52 7 
21 52 70 
21 52 72 
21 52 74 
21 52 9 
21 54 56 
21 54 58 
21 54 60 
21 54 62 
21 54 64 
21 54 66 
21 54 68 
21 54 7 
21 54 74 
21 54 9 
21 56 58 
21 56 60 
21 56 62 
21 56 64 
21 56 66 
21 56 68 
21 56 7 
21 56 70 
21 56 72 
21 56 74 
21 56 9 
21 58 60 
21 58 62 
21 58 64 
21 58 66 
21 58 68 
21 58 7 
21 58 70 
21 58 72 
21 58 74 
21 58 9 
21 60 62 
21 60 64 
21 60 66 
21 60 68 
21 60 7 
21 60 70 
21 60 72 
21 60 74 
21 60 9 
21 62 64 
21 62 66 
21 62 68 
21 62 7 
21 62 70 
21 62 72 
21 62 74 
21 62 9 
21 64 66 
21 64 68 
21 64 7 
21 64 70 
21 64 72 
21 64 74 
21 64 9 
21 66 68 
21 66 7 
21 66 70 
21 66 72 
21 66 74 
21 66 9 
21 68 7 
21 68 74 
21 68 9 
21 7 70 
21 7 72 
21 7 74 
21 7 9 
21 70 74 
21 70 9 
21 72 74 
21 72 9 
21 74 9 
23 25 29 
23 25 3 
23 25 31 
23 25 34 
23 25 36 
23 25 38 
23 25 40 
23 25 42 
23 25 44 
23 25 46 
23 25 48 
23 25 5 
23 25 52 
23 25 56 
23 25 58 
23 25 60 
23 25 62 
23 25 64 
23 25 66 
23 25 7 
23 25 72 
23 25 9 
23 27 29 
23 27 3 
23 27 31 
23 27 34 
23 27 36 
23 27 40 
23 27 42 
23 27 48 
23 27 5 
23 27 52 
23 27 56 
23 27 58 
23 27 60 
23 27 62 
23 27 64 
23 27 66 
23 27 7 
23 27 72 
23 27 9 
23 29 3 
23 29 31 
23 29 34 
23 29 36 
23 29 38 
23 29 40 
23 29 42 
23 29 44 
23 29 46 
23 29 48 
23 29 5 
23 29 50 
23 29 52 
23 29 56 
23 29 58 
23 29 60 
23 29 62 
23 29 64 
23 29 66 
23 29 68 
23 29 7 
23 29 70 
23 29 72 
23 29 74 
23 29 9 
23 3 31 
23 3 34 
23 3 36 
23 3 38 
23 3 40 
23 3 42 
23 3 44 
23 3 46 
23 3 48 
23 3 5 
23 3 50 
23 3 52 
23 3 56 
23 3 58 
23 3 60 
23 3 62 
23 3 64 
23 3 66 
23 3 68 
23 3 7 
23 3 70 
23 3 72 
23 3 9 
23 31 34 
23 31 36 
23 31 38 
23 31 40 
23 31 42 
23 31 44 
23 31 46 
23 31 48 
23 31 5 
23 31 50 
23 31 52 
23 31 56 
23 31 58 
23 31 60 
23 31 62 
23 31 64 
23 31 66 
23 31 7 
23 31 70 
23 31 72 
23 31 9 
23 34 36 
23 34 38 
23 34 40 
23 34 42 
23 34 44 
23 34 46 
23 34 48 
23 34 5 
23 34 50 
23 34 52 
23 34 56 
23 34 58 
23 34 60 
23 34 62 
23 34 64 
23 34 66 
23 34 68 
23 34 7 
23 34 70 
23 34 72 
23 34 9 
23 36 38 
23 36 40 
23 36 42 
23 36 44 
23 36 46 
23 36 48 
23 36 5 
23 36 50 
23 36 52 
23 36 56 
23 36 58 
23 36 60 
23 36 62 
23 36 64 
23 36 66 
23 36 68 
23 36 7 
23 36 70 
23 36 72 
23 36 74 
23 36 9 
23 38 40 
23 38 42 
23 38 44 
23 38 48 
23 38 5 
23 38 52 
23 38 56 
23 38 58 
23 38 60 
23 38 62 
23 38 64 
23 38 66 
23 38 7 
23 38 70 
23 38 72 
23 38 9 
23 40 42 
23 40 44 
23 40 46 
23 40 48 
23 40 5 
23 40 50 
23 40 52 
23 40 56 
23 40 58 
23 40 60 
23 40 62 
23 40 64 
23 40 66 
23 40 68 
23 40 7 
23 40 70 
23 40 72 
23 40 74 
23 40 9 
23 42 44 
23 42 46 
23 42 48 
23 42 5 
23 42 50 
23 42 52 
23 42 56 
23 42 58 
23 42 60 
23 42 62 
23 42 64 
23 42 66 
23 42 7 
23 42 70 
23 42 72 
23 42 9 
23 44 46 
23 44 48 
23 44 5 
23 44 52 
23 44 56 
23 44 58 
23 44 60 
23 44 62 
23 44 64 
23 44 66 
23 44 7 
23 44 72 
23 44 9 
23 46 48 
23 46 5 
23 46 52 
23 46 56 
23 46 58 
23 46 60 
23 46 62 
23 46 64 
23 46 66 
23 46 7 
23 46 72 
23 46 9 
23 48 5 
23 48 50 
23 48 52 
23 48 56 
23 48 58 
23 48 60 
23 48 62 
23 48 64 
23 48 66 
23 48 7 
23 48 70 
23 48 72 
23 48 9 
23 5 50 
23 5 52 
23 5 56 
23 5 58 
23 5 60 
23 5 62 
23 5 64 
23 5 66 
23 5 7 
23 5 70 
23 5 72 
23 5 9 
23 50 52 
23 50 56 
23 50 58 
23 50 60 
23 50 62 
23 50 64 
23 50 66 
23 50 7 
23 50 72 
23 50 9 
23 52 56 
23 52 58 
23 52 60 
23 52 62 
23 52 64 
23 52 66 
23 52 68 
23 52 7 
23 52 70 
23 52 72 
23 52 74 
23 52 9 
23 56 58 
23 56 60 
23 56 62 
23 56 64 
23 56 66 
23 56 68 
23 56 7 
23 56 70 
23 56 72 
23 56 74 
23 56 9 
23 58 60 
23 58 62 
23 58 64 
23 58 66 
23 58 68 
23 58 7 
23 58 70 
23 58 72 
23 58 74 
23 58 9 
23 60 62 
23 60 64 
23 60 66 
23 60 68 
23 60 7 
23 60 70 
23 60 72 
23 60 9 
23 62 64 
23 62 66 
23 62 68 
23 62 7 
23 62 70 
23 62 72 
23 62 74 
23 62 9 
23 64 66 
23 64 68 
23 64 7 
23 64 70 
23 64 72 
23 64 9 
23 66 7 
23 66 70 
23 66 72 
23 66 9 
23 68 7 
23 7 70 
23 7 72 
23 7 9 
23 70 72 
23 70 9 
23 72 9 
24 25 29 
24 25 34 
24 25 36 
24 25 40 
24 25 44 
24 25 46 
24 25 48 
24 25 5 
24 25 52 
24 25 54 
24 25 56 
24 25 58 
24 25 60 
24 25 62 
24 25 66 
24 25 7 
24 25 74 
24 25 9 
24 27 29 
24 27 34 
24 27 36 
24 27 40 
24 27 48 
24 27 52 
24 27 54 
24 27 56 
24 27 58 
24 27 60 
24 27 62 
24 27 66 
24 27 7 
24 27 74 
24 29 3 
24 29 34 
24 29 36 
24 29 40 
24 29 44 
24 29 46 
24 29 48 
24 29 5 
24 29 52 
24 29 54 
24 29 56 
24 29 58 
24 29 60 
24 29 62 
24 29 66 
24 29 7 
24 29 74 
24 29 9 
24 3 34 
24 3 36 
24 3 40 
24 3 52 
24 3 54 
24 3 56 
24 3 58 
24 3 60 
24 3 62 
24 3 66 
24 3 7 
24 3 74 
24 34 36 
24 34 40 
24 34 44 
24 34 46 
24 34 48 
24 34 5 
24 34 52 
24 34 54 
24 34 56 
24 34 58 
24 34 60 
24 34 62 
24 34 66 
24 34 7 
24 34 74 
24 34 9 
24 36 40 
24 36 44 
24 36 46 
24 36 48 
24 36 5 
24 36 52 
24 36 54 
24 36 56 
24 36 58 
24 36 60 
24 36 62 
24 36 66 
24 36 7 
24 36 74 
24 36 9 
24 40 44 
24 40 46 
24 40 48 
24 40 5 
24 40 52 
24 40 54 
24 40 56 
24 40 58 
24 40 60 
24 40 62 
24 40 66 
24 40 7 
24 40 74 
24 40 9 
24 44 48 
24 44 5 
24 44 52 
24 44 54 
24 44 56 
24 44 58 
24 44 60 
24 44 62 
24 44 66 
24 44 7 
24 44 74 
24 44 9 
24 46 48 
24 46 5 
24 46 52 
24 46 54 
24 46 56 
24 46 58 
24 46 60 
24 46 62 
24 46 66 
24 46 7 
24 46 74 
24 48 5 
24 48 52 
24 48 54 
24 48 56 
24 48 58 
24 48 60 
24 48 62 
24 48 66 
24 48 7 
24 48 74 
24 48 9 
24 5 52 
24 5 54 
24 5 56 
24 5 58 
24 5 60 
24 5 62 
24 5 66 
24 5 7 
24 5 74 
24 5 9 
24 52 54 
24 52 56 
24 52 58 
24 52 60 
24 52 62 
24 52 66 
24 52 7 
24 52 74 
24 52 9 
24 54 56 
24 54 58 
24 54 60 
24 54 62 
24 54 66 
24 54 7 
24 54 74 
24 54 9 
24 56 58 
24 56 60 
24 56 62 
24 56 66 
24 56 7 
24 56 74 
24 56 9 
24 58 60 
24 58 62 
24 58 66 
24 58 7 
24 58 74 
24 58 9 
24 60 62 
24 60 66 
24 60 7 
24 60 74 
24 60 9 
24 62 66 
24 62 7 
24 62 74 
24 62 9 
24 66 7 
24 66 74 
24 66 9 
24 7 74 
24 7 9 
24 74 9 
25 27 29 
25 27 3 
25 27 31 
25 27 34 
25 27 36 
25 27 38 
25 27 40 
25 27 42 
25 27 44 
25 27 46 
25 27 48 
25 27 5 
25 27 50 
25 27 52 
25 27 54 
25 27 56 
25 27 58 
25 27 60 
25 27 62 
25 27 64 
25 27 66 
25 27 68 
25 27 7 
25 27 70 
25 27 72 
25 27 74 
25 27 9 
25 29 3 
25 29 31 
25 29 34 
25 29 36 
25 29 38 
25 29 40 
25 29 42 
25 29 44 
25 29 46 
25 29 48 
25 29 5 
25 29 50 
25 29 51 
25 29 52 
25 29 54 
25 29 56 
25 29 58 
25 29 60 
25 29 62 
25 29 64 
25 29 66 
25 29 68 
25 29 69 
25 29 7 
25 29 70 
25 29 71 
25 29 72 
25 29 74 
25 29 9 
25 3 31 
25 3 34 
25 3 36 
25 3 38 
25 3 40 
25 3 42 
25 3 44 
25 3 46 
25 3 48 
25 3 5 
25 3 50 
25 3 52 
25 3 54 
25 3 56 
25 3 58 
25 3 60 
25 3 62 
25 3 64 
25 3 66 
25 3 68 
25 3 69 
25 3 7 
25 3 70 
25 3 72 
25 3 74 
25 3 9 
25 31 34 
25 31 36 
25 31 38 
25 31 40 
25 31 42 
25 31 44 
25 31 46 
25 31 48 
25 31 5 
25 31 50 
25 31 52 
25 31 54 
25 31 56 
25 31 58 
25 31 60 
25 31 62 
25 31 64 
25 31 66 
25 31 68 
25 31 7 
25 31 70 
25 31 72 
25 31 74 
25 31 9 
25 34 36 
25 34 38 
25 34 40 
25 34 42 
25 34 44 
25 34 46 
25 34 48 
25 34 5 
25 34 50 
25 34 51 
25 34 52 
25 34 54 
25 34 56 
25 34 58 
25 34 60 
25 34 62 
25 34 64 
25 34 66 
25 34 68 
25 34 7 
25 34 70 
25 34 71 
25 34 72 
25 34 74 
25 34 9 
25 36 38 
25 36 40 
25 36 42 
25 36 44 
25 36 46 
25 36 48 
25 36 5 
25 36 50 
25 36 51 
25 36 52 
25 36 54 
25 36 56 
25 36 58 
25 36 60 
25 36 62 
25 36 64 
25 36 66 
25 36 68 
25 36 69 
25 36 7 
25 36 70 
25 36 71 
25 36 72 
25 36 74 
25 36 9 
25 38 40 
25 38 42 
25 38 44 
25 38 46 
25 38 48 
25 38 5 
25 38 50 
25 38 52 
25 38 54 
25 38 56 
25 38 58 
25 38 60 
25 38 62 
25 38 64 
25 38 66 
25 38 68 
25 38 7 
25 38 70 
25 38 72 
25 38 74 
25 38 9 
25 40 42 
25 40 44 
25 40 46 
25 40 48 
25 40 5 
25 40 50 
25 40 51 
25 40 52 
25 40 54 
25 40 56 
25 40 58 
25 40 60 
25 40 62 
25 40 64 
25 40 66 
25 40 68 
25 40 69 
25 40 7 
25 40 70 
25 40 71 
25 40 72 
25 40 74 
25 40 9 
25 42 44 
25 42 46 
25 42 48 
25 42 5 
25 42 50 
25 42 52 
25 42 54 
25 42 56 
25 42 58 
25 42 60 
25 42 62 
25 42 64 
25 42 66 
25 42 68 
25 42 7 
25 42 70 
25 42 72 
25 42 74 
25 42 9 
25 44 46 
25 44 48 
25 44 5 
25 44 50 
25 44 52 
25 44 54 
25 44 56 
25 44 58 
25 44 60 
25 44 62 
25 44 64 
25 44 66 
25 44 68 
25 44 7 
25 44 70 
25 44 72 
25 44 74 
25 44 9 
25 46 48 
25 46 5 
25 46 50 
25 46 52 
25 46 54 
25 46 56 
25 46 58 
25 46 60 
25 46 62 
25 46 64 
25 46 66 
25 46 68 
25 46 7 
25 46 70 
25 46 72 
25 46 74 
25 46 9 
25 48 5 
25 48 50 
25 48 51 
25 48 52 
25 48 54 
25 48 56 
25 48 58 
25 48 60 
25 48 62 
25 48 64 
25 48 66 
25 48 68 
25 48 69 
25 48 7 
25 48 70 
25 48 71 
25 48 72 
25 48 74 
25 48 9 
25 5 50 
25 5 51 
25 5 52 
25 5 54 
25 5 56 
25 5 58 
25 5 60 
25 5 62 
25 5 64 
25 5 66 
25 5 68 
25 5 69 
25 5 7 
25 5 70 
25 5 72 
25 5 74 
25 5 9 
25 50 52 
25 50 54 
25 50 56 
25 50 58 
25 50 60 
25 50 62 
25 50 64 
25 50 66 
25 50 68 
25 50 7 
25 50 70 
25 50 72 
25 50 74 
25 50 9 
25 51 52 
25 51 56 
25 51 58 
25 51 60 
25 51 62 
25 51 66 
25 51 7 
25 52 54 
25 52 56 
25 52 58 
25 52 60 
25 52 62 
25 52 64 
25 52 66 
25 52 68 
25 52 69 
25 52 7 
25 52 70 
25 52 71 
25 52 72 
25 52 74 
25 52 9 
25 54 56 
25 54 58 
25 54 60 
25 54 62 
25 54 64 
25 54 66 
25 54 68 
25 54 7 
25 54 70 
25 54 72 
25 54 74 
25 54 9 
25 56 58 
25 56 60 
25 56 62 
25 56 64 
25 56 66 
25 56 68 
25 56 7 
25 56 70 
25 56 71 
25 56 72 
25 56 74 
25 56 9 
25 58 60 
25 58 62 
25 58 64 
25 58 66 
25 58 68 
25 58 69 
25 58 7 
25 58 70 
25 58 71 
25 58 72 
25 58 74 
25 58 9 
25 60 62 
25 60 64 
25 60 66 
25 60 68 
25 60 69 
25 60 7 
25 60 70 
25 60 71 
25 60 72 
25 60 74 
25 60 9 
25 62 64 
25 62 66 
25 62 68 
25 62 69 
25 62 7 
25 62 70 
25 62 71 
25 62 72 
25 62 74 
25 62 9 
25 64 66 
25 64 68 
25 64 7 
25 64 70 
25 64 72 
25 64 74 
25 64 9 
25 66 68 
25 66 69 
25 66 7 
25 66 70 
25 66 71 
25 66 72 
25 66 74 
25 66 9 
25 68 7 
25 68 70 
25 68 72 
25 68 74 
25 68 9 
25 69 7 
25 7 70 
25 7 71 
25 7 72 
25 7 74 
25 7 9 
25 70 72 
25 70 74 
25 70 9 
25 72 74 
25 72 9 
25 74 9 
27 29 3 
27 29 31 
27 29 34 
27 29 36 
27 29 38 
27 29 40 
27 29 42 
27 29 44 
27 29 46 
27 29 48 
27 29 5 
27 29 50 
27 29 52 
27 29 54 
27 29 56 
27 29 58 
27 29 60 
27 29 62 
27 29 64 
27 29 66 
27 29 68 
27 29 7 
27 29 70 
27 29 72 
27 29 74 
27 29 9 
27 3 31 
27 3 34 
27 3 36 
27 3 38 
27 3 40 
27 3 42 
27 3 44 
27 3 46 
27 3 48 
27 3 5 
27 3 50 
27 3 52 
27 3 54 
27 3 56 
27 3 58 
27 3 60 
27 3 62 
27 3 64 
27 3 66 
27 3 68 
27 3 7 
27 3 70 
27 3 72 
27 3 74 
27 3 9 
27 31 34 
27 31 36 
27 31 40 
27 31 42 
27 31 44 
27 31 46 
27 31 48 
27 31 5 
27 31 50 
27 31 52 
27 31 54 
27 31 56 
27 31 58 
27 31 60 
27 31 62 
27 31 64 
27 31 66 
27 31 7 
27 31 72 
27 31 74 
27 31 9 
27 34 36 
27 34 38 
27 34 40 
27 34 42 
27 34 44 
27 34 46 
27 34 48 
27 34 5 
27 34 50 
27 34 52 
27 34 54 
27 34 56 
27 34 58 
27 34 60 
27 34 62 
27 34 64 
27 34 66 
27 34 68 
27 34 7 
27 34 70 
27 34 72 
27 34 74 
27 34 9 
27 36 38 
27 36 40 
27 36 42 
27 36 44 
27 36 46 
27 36 48 
27 36 5 
27 36 50 
27 36 52 
27 36 54 
27 36 56 
27 36 58 
27 36 60 
27 36 62 
27 36 64 
27 36 66 
27 36 68 
27 36 7 
27 36 70 
27 36 71 
27 36 72 
27 36 74 
27 36 9 
27 38 40 
27 38 44 
27 38 48 
27 38 5 
27 38 52 
27 38 56 
27 38 58 
27 38 60 
27 38 62 
27 38 66 
27 38 7 
27 38 9 
27 40 42 
27 40 44 
27 40 46 
27 40 48 
27 40 5 
27 40 50 
27 40 52 
27 40 54 
27 40 56 
27 40 58 
27 40 60 
27 40 62 
27 40 64 
27 40 66 
27 40 68 
27 40 7 
27 40 70 
27 40 72 
27 40 74 
27 40 9 
27 42 44 
27 42 46 
27 42 48 
27 42 5 
27 42 50 
27 42 52 
27 42 54 
27 42 56 
27 42 58 
27 42 60 
27 42 62 
27 42 64 
27 42 66 
27 42 68 
27 42 7 
27 42 72 
27 42 74 
27 42 9 
27 44 46 
27 44 48 
27 44 5 
27 44 50 
27 44 52 
27 44 54 
27 44 56 
27 44 58 
27 44 60 
27 44 62 
27 44 64 
27 44 66 
27 44 68 
27 44 7 
27 44 72 
27 44 74 
27 44 9 
27 46 48 
27 46 5 
27 46 50 
27 46 52 
27 46 54 
27 46 56 
27 46 58 
27 46 60 
27 46 62 
27 46 64 
27 46 66 
27 46 68 
27 46 7 
27 46 72 
27 46 74 
27 46 9 
27 48 5 
27 48 50 
27 48 52 
27 48 54 
27 48 56 
27 48 58 
27 48 60 
27 48 62 
27 48 64 
27 48 66 
27 48 68 
27 48 7 
27 48 70 
27 48 72 
27 48 74 
27 48 9 
27 5 50 
27 5 52 
27 5 54 
27 5 56 
27 5 58 
27 5 60 
27 5 62 
27 5 64 
27 5 66 
27 5 68 
27 5 7 
27 5 70 
27 5 72 
27 5 74 
27 5 9 
27 50 52 
27 50 56 
27 50 58 
27 50 60 
27 50 62 
27 50 64 
27 50 66 
27 50 7 
27 50 74 
27 50 9 
27 52 54 
27 52 56 
27 52 58 
27 52 60 
27 52 62 
27 52 64 
27 52 66 
27 52 68 
27 52 7 
27 52 70 
27 52 71 
27 52 72 
27 52 74 
27 52 9 
27 54 56 
27 54 58 
27 54 60 
27 54 62 
27 54 64 
27 54 66 
27 54 68 
27 54 7 
27 54 74 
27 54 9 
27 56 58 
27 56 60 
27 56 62 
27 56 64 
27 56 66 
27 56 68 
27 56 7 
27 56 70 
27 56 72 
27 56 74 
27 56 9 
27 58 60 
27 58 62 
27 58 64 
27 58 66 
27 58 68 
27 58 7 
27 58 70 
27 58 71 
27 58 72 
27 58 74 
27 58 9 
27 60 62 
27 60 64 
27 60 66 
27 60 68 
27 60 7 
27 60 70 
27 60 72 
27 60 74 
27 60 9 
27 62 64 
27 62 66 
27 62 68 
27 62 7 
27 62 70 
27 62 72 
27 62 74 
27 62 9 
27 64 66 
27 64 7 
27 64 72 
27 64 74 
27 64 9 
27 66 68 
27 66 7 
27 66 70 
27 66 72 
27 66 74 
27 66 9 
27 68 7 
27 68 74 
27 68 9 
27 7 70 
27 7 72 
27 7 74 
27 7 9 
27 70 9 
27 72 9 
27 74 9 
29 3 31 
29 3 34 
29 3 36 
29 3 38 
29 3 40 
29 3 42 
29 3 44 
29 3 46 
29 3 48 
29 3 5 
29 3 50 
29 3 51 
29 3 52 
29 3 54 
29 3 56 
29 3 58 
29 3 60 
29 3 62 
29 3 64 
29 3 66 
29 3 68 
29 3 69 
29 3 7 
29 3 70 
29 3 72 
29 3 74 
29 3 9 
29 31 34 
29 31 36 
29 31 38 
29 31 40 
29 31 42 
29 31 44 
29 31 46 
29 31 48 
29 31 5 
29 31 50 
29 31 52 
29 31 54 
29 31 56 
29 31 58 
29 31 60 
29 31 62 
29 31 64 
29 31 66 
29 31 68 
29 31 69 
29 31 7 
29 31 70 
29 31 72 
29 31 74 
29 31 9 
29 34 36 
29 34 38 
29 34 40 
29 34 42 
29 34 44 
29 34 46 
29 34 48 
29 34 5 
29 34 50 
29 34 51 
29 34 52 
29 34 54 
29 34 56 
29 34 58 
29 34 60 
29 34 62 
29 34 64 
29 34 66 
29 34 68 
29 34 69 
29 34 7 
29 34 70 
29 34 71 
29 34 72 
29 34 74 
29 34 9 
29 36 38 
29 36 40 
29 36 42 
29 36 44 
29 36 46 
29 36 48 
29 36 5 
29 36 50 
29 36 51 
29 36 52 
29 36 54 
29 36 56 
29 36 58 
29 36 60 
29 36 62 
29 36 64 
29 36 66 
29 36 68 
29 36 69 
29 36 7 
29 36 70 
29 36 71 
29 36 72 
29 36 74 
29 36 9 
29 38 40 
29 38 42 
29 38 44 
29 38 46 
29 38 48 
29 38 5 
29 38 50 
29 38 52 
29 38 54 
29 38 56 
29 38 58 
29 38 60 
29 38 62 
29 38 64 
29 38 66 
29 38 68 
29 38 7 
29 38 70 
29 38 72 
29 38 74 
29 38 9 
29 39 58 
29 40 42 
29 40 44 
29 40 46 
29 40 48 
29 40 5 
29 40 50 
29 40 51 
29 40 52 
29 40 54 
29 40 56 
29 40 58 
29 40 60 
29 40 62 
29 40 64 
29 40 66 
29 40 68 
29 40 69 
29 40 7 
29 40 70 
29 40 71 
29 40 72 
29 40 74 
29 40 9 
29 42 44 
29 42 46 
29 42 48 
29 42 5 
29 42 50 
29 42 51 
29 42 52 
29 42 54 
29 42 56 
29 42 58 
29 42 60 
29 42 62 
29 42 64 
29 42 66 
29 42 68 
29 42 69 
29 42 7 
29 42 70 
29 42 72 
29 42 74 
29 42 9 
29 44 46 
29 44 48 
29 44 5 
29 44 50 
29 44 51 
29 44 52 
29 44 54 
29 44 56 
29 44 58 
29 44 60 
29 44 62 
29 44 64 
29 44 66 
29 44 68 
29 44 7 
29 44 70 
29 44 72 
29 44 74 
29 44 9 
29 46 48 
29 46 5 
29 46 50 
29 46 51 
29 46 52 
29 46 54 
29 46 56 
29 46 58 
29 46 60 
29 46 62 
29 46 64 
29 46 66 
29 46 68 
29 46 7 
29 46 70 
29 46 71 
29 46 72 
29 46 74 
29 46 9 
29 48 5 
29 48 50 
29 48 51 
29 48 52 
29 48 54 
29 48 56 
29 48 58 
29 48 60 
29 48 62 
29 48 64 
29 48 66 
29 48 68 
29 48 69 
29 48 7 
29 48 70 
29 48 71 
29 48 72 
29 48 74 
29 48 9 
29 5 50 
29 5 51 
29 5 52 
29 5 54 
29 5 56 
29 5 58 
29 5 60 
29 5 62 
29 5 64 
29 5 66 
29 5 68 
29 5 69 
29 5 7 
29 5 70 
29 5 71 
29 5 72 
29 5 74 
29 5 9 
29 50 52 
29 50 54 
29 50 56 
29 50 58 
29 50 60 
29 50 62 
29 50 64 
29 50 66 
29 50 68 
29 50 7 
29 50 70 
29 50 72 
29 50 74 
29 50 9 
29 51 52 
29 51 56 
29 51 58 
29 51 60 
29 51 62 
29 51 66 
29 51 7 
29 51 9 
29 52 54 
29 52 56 
29 52 58 
29 52 60 
29 52 62 
29 52 64 
29 52 66 
29 52 68 
29 52 69 
29 52 7 
29 52 70 
29 52 71 
29 52 72 
29 52 74 
29 52 9 
29 54 56 
29 54 58 
29 54 60 
29 54 62 
29 54 64 
29 54 66 
29 54 68 
29 54 7 
29 54 70 
29 54 72 
29 54 74 
29 54 9 
29 56 58 
29 56 60 
29 56 62 
29 56 64 
29 56 66 
29 56 68 
29 56 69 
29 56 7 
29 56 70 
29 56 71 
29 56 72 
29 56 74 
29 56 9 
29 58 60 
29 58 62 
29 58 64 
29 58 66 
29 58 68 
29 58 69 
29 58 7 
29 58 70 
29 58 71 
29 58 72 
29 58 74 
29 58 9 
29 60 62 
29 60 64 
29 60 66 
29 60 68 
29 60 69 
29 60 7 
29 60 70 
29 60 71 
29 60 72 
29 60 74 
29 60 9 
29 62 64 
29 62 66 
29 62 68 
29 62 69 
29 62 7 
29 62 70 
29 62 71 
29 62 72 
29 62 74 
29 62 9 
29 64 66 
29 64 68 
29 64 7 
29 64 70 
29 64 72 
29 64 74 
29 64 9 
29 66 68 
29 66 69 
29 66 7 
29 66 70 
29 66 71 
29 66 72 
29 66 74 
29 66 9 
29 68 7 
29 68 70 
29 68 72 
29 68 74 
29 68 9 
29 69 7 
29 69 9 
29 7 70 
29 7 71 
29 7 72 
29 7 74 
29 7 9 
29 70 72 
29 70 74 
29 70 9 
29 72 74 
29 72 9 
29 74 9 
3 31 34 
3 31 36 
3 31 38 
3 31 40 
3 31 42 
3 31 44 
3 31 46 
3 31 48 
3 31 5 
3 31 50 
3 31 52 
3 31 54 
3 31 56 
3 31 58 
3 31 60 
3 31 62 
3 31 64 
3 31 66 
3 31 68 
3 31 69 
3 31 7 
3 31 70 
3 31 72 
3 31 74 
3 31 9 
3 34 36 
3 34 38 
3 34 40 
3 34 42 
3 34 44 
3 34 46 
3 34 48 
3 34 5 
3 34 50 
3 34 52 
3 34 54 
3 34 56 
3 34 58 
3 34 60 
3 34 62 
3 34 64 
3 34 66 
3 34 68 
3 34 69 
3 34 7 
3 34 70 
3 34 72 
3 34 74 
3 34 9 
3 36 38 
3 36 40 
3 36 42 
3 36 44 
3 36 46 
3 36 48 
3 36 5 
3 36 50 
3 36 51 
3 36 52 
3 36 54 
3 36 56 
3 36 58 
3 36 60 
3 36 62 
3 36 64 
3 36 66 
3 36 68 
3 36 69 
3 36 7 
3 36 70 
3 36 72 
3 36 74 
3 36 9 
3 38 40 
3 38 42 
3 38 44 
3 38 46 
3 38 48 
3 38 5 
3 38 50 
3 38 52 
3 38 54 
3 38 56 
3 38 58 
3 38 60 
3 38 62 
3 38 64 
3 38 66 
3 38 68 
3 38 7 
3 38 70 
3 38 72 
3 38 74 
3 38 9 
3 40 42 
3 40 44 
3 40 46 
3 40 48 
3 40 5 
3 40 50 
3 40 51 
3 40 52 
3 40 54 
3 40 56 
3 40 58 
3 40 60 
3 40 62 
3 40 64 
3 40 66 
3 40 68 
3 40 69 
3 40 7 
3 40 70 
3 40 72 
3 40 74 
3 40 9 
3 42 44 
3 42 46 
3 42 48 
3 42 5 
3 42 50 
3 42 52 
3 42 54 
3 42 56 
3 42 58 
3 42 60 
3 42 62 
3 42 64 
3 42 66 
3 42 68 
3 42 7 
3 42 70 
3 42 72 
3 42 74 
3 42 9 
3 44 46 
3 44 48 
3 44 5 
3 44 50 
3 44 52 
3 44 54 
3 44 56 
3 44 58 
3 44 60 
3 44 62 
3 44 64 
3 44 66 
3 44 68 
3 44 7 
3 44 70 
3 44 72 
3 44 74 
3 44 9 
3 46 48 
3 46 5 
3 46 50 
3 46 52 
3 46 54 
3 46 56 
3 46 58 
3 46 60 
3 46 62 
3 46 64 
3 46 66 
3 46 68 
3 46 7 
3 46 70 
3 46 72 
3 46 74 
3 46 9 
3 48 5 
3 48 50 
3 48 51 
3 48 52 
3 48 54 
3 48 56 
3 48 58 
3 48 60 
3 48 62 
3 48 64 
3 48 66 
3 48 68 
3 48 69 
3 48 7 
3 48 70 
3 48 72 
3 48 74 
3 48 9 
3 5 50 
3 5 52 
3 5 54 
3 5 56 
3 5 58 
3 5 60 
3 5 62 
3 5 64 
3 5 66 
3 5 68 
3 5 69 
3 5 7 
3 5 70 
3 5 72 
3 5 74 
3 5 9 
3 50 52 
3 50 54 
3 50 56 
3 50 58 
3 50 60 
3 50 62 
3 50 64 
3 50 66 
3 50 68 
3 50 7 
3 50 70 
3 50 72 
3 50 74 
3 50 9 
3 51 52 
3 51 58 
3 51 60 
3 52 54 
3 52 56 
3 52 58 
3 52 60 
3 52 62 
3 52 64 
3 52 66 
3 52 68 
3 52 69 
3 52 7 
3 52 70 
3 52 72 
3 52 74 
3 52 9 
3 54 56 
3 54 58 
3 54 60 
3 54 62 
3 54 64 
3 54 66 
3 54 68 
3 54 7 
3 54 70 
3 54 72 
3 54 74 
3 54 9 
3 56 58 
3 56 60 
3 56 62 
3 56 64 
3 56 66 
3 56 68 
3 56 69 
3 56 7 
3 56 70 
3 56 72 
3 56 74 
3 56 9 
3 58 60 
3 58 62 
3 58 64 
3 58 66 
3 58 68 
3 58 69 
3 58 7 
3 58 70 
3 58 72 
3 58 74 
3 58 9 
3 60 62 
3 60 64 
3 60 66 
3 60 68 
3 60 69 
3 60 7 
3 60 70 
3 60 72 
3 60 74 
3 60 9 
3 62 64 
3 62 66 
3 62 68 
3 62 69 
3 62 7 
3 62 70 
3 62 72 
3 62 74 
3 62 9 
3 64 66 
3 64 68 
3 64 7 
3 64 70 
3 64 72 
3 64 74 
3 64 9 
3 66 68 
3 66 69 
3 66 7 
3 66 70 
3 66 72 
3 66 74 
3 66 9 
3 68 7 
3 68 70 
3 68 72 
3 68 74 
3 68 9 
3 69 7 
3 69 9 
3 7 70 
3 7 72 
3 7 74 
3 7 9 
3 70 72 
3 70 74 
3 70 9 
3 72 74 
3 72 9 
3 74 9 
31 34 36 
31 34 38 
31 34 40 
31 34 42 
31 34 44 
31 34 46 
31 34 48 
31 34 5 
31 34 50 
31 34 52 
31 34 54 
31 34 56 
31 34 58 
31 34 60 
31 34 62 
31 34 64 
31 34 66 
31 34 68 
31 34 7 
31 34 70 
31 34 72 
31 34 74 
31 34 9 
31 36 38 
31 36 40 
31 36 42 
31 36 44 
31 36 46 
31 36 48 
31 36 5 
31 36 50 
31 36 52 
31 36 54 
31 36 56 
31 36 58 
31 36 60 
31 36 62 
31 36 64 
31 36 66 
31 36 68 
31 36 69 
31 36 7 
31 36 70 
31 36 72 
31 36 74 
31 36 9 
31 38 40 
31 38 42 
31 38 44 
31 38 46 
31 38 48 
31 38 5 
31 38 50 
31 38 52 
31 38 54 
31 38 56 
31 38 58 
31 38 60 
31 38 62 
31 38 64 
31 38 66 
31 38 68 
31 38 7 
31 38 70 
31 38 72 
31 38 74 
31 38 9 
31 40 42 
31 40 44 
31 40 46 
31 40 48 
31 40 5 
31 40 50 
31 40 52 
31 40 54 
31 40 56 
31 40 58 
31 40 60 
31 40 62 
31 40 64 
31 40 66 
31 40 68 
31 40 69 
31 40 7 
31 40 70 
31 40 72 
31 40 74 
31 40 9 
31 42 44 
31 42 46 
31 42 48 
31 42 5 
31 42 50 
31 42 52 
31 42 54 
31 42 56 
31 42 58 
31 42 60 
31 42 62 
31 42 64 
31 42 66 
31 42 68 
31 42 7 
31 42 70 
31 42 72 
31 42 74 
31 42 9 
31 44 46 
31 44 48 
31 44 5 
31 44 50 
31 44 52 
31 44 54 
31 44 56 
31 44 58 
31 44 60 
31 44 62 
31 44 64 
31 44 66 
31 44 68 
31 44 7 
31 44 70 
31 44 72 
31 44 74 
31 44 9 
31 46 48 
31 46 5 
31 46 50 
31 46 52 
31 46 54 
31 46 56 
31 46 58 
31 46 60 
31 46 62 
31 46 64 
31 46 66 
31 46 68 
31 46 7 
31 46 70 
31 46 72 
31 46 74 
31 46 9 
31 48 5 
31 48 50 
31 48 52 
31 48 54 
31 48 56 
31 48 58 
31 48 60 
31 48 62 
31 48 64 
31 48 66 
31 48 68 
31 48 69 
31 48 7 
31 48 70 
31 48 72 
31 48 74 
31 48 9 
31 5 50 
31 5 52 
31 5 54 
31 5 56 
31 5 58 
31 5 60 
31 5 62 
31 5 64 
31 5 66 
31 5 68 
31 5 7 
31 5 70 
31 5 72 
31 5 74 
31 5 9 
31 50 52 
31 50 56 
31 50 58 
31 50 60 
31 50 62 
31 50 64 
31 50 66 
31 50 7 
31 50 70 
31 50 72 
31 50 74 
31 50 9 
31 52 54 
31 52 56 
31 52 58 
31 52 60 
31 52 62 
31 52 64 
31 52 66 
31 52 68 
31 52 69 
31 52 7 
31 52 70 
31 52 72 
31 52 74 
31 52 9 
31 54 56 
31 54 58 
31 54 60 
31 54 62 
31 54 64 
31 54 66 
31 54 7 
31 54 72 
31 54 74 
31 54 9 
31 56 58 
31 56 60 
31 56 62 
31 56 64 
31 56 66 
31 56 68 
31 56 7 
31 56 70 
31 56 72 
31 56 74 
31 56 9 
31 58 60 
31 58 62 
31 58 64 
31 58 66 
31 58 68 
31 58 69 
31 58 7 
31 58 70 
31 58 72 
31 58 74 
31 58 9 
31 60 62 
31 60 64 
31 60 66 
31 60 68 
31 60 69 
31 60 7 
31 60 70 
31 60 72 
31 60 74 
31 60 9 
31 62 64 
31 62 66 
31 62 68 
31 62 7 
31 62 70 
31 62 72 
31 62 74 
31 62 9 
31 64 66 
31 64 68 
31 64 7 
31 64 70 
31 64 72 
31 64 74 
31 64 9 
31 66 68 
31 66 69 
31 66 7 
31 66 70 
31 66 72 
31 66 74 
31 66 9 
31 68 7 
31 68 72 
31 68 74 
31 68 9 
31 69 7 
31 7 70 
31 7 72 
31 7 74 
31 7 9 
31 70 72 
31 70 74 
31 70 9 
31 72 74 
31 72 9 
31 74 9 
34 36 38 
34 36 40 
34 36 42 
34 36 44 
34 36 46 
34 36 48 
34 36 5 
34 36 50 
34 36 51 
34 36 52 
34 36 54 
34 36 56 
34 36 58 
34 36 60 
34 36 62 
34 36 64 
34 36 66 
34 36 68 
34 36 69 
34 36 7 
34 36 70 
34 36 71 
34 36 72 
34 36 74 
34 36 9 
34 38 40 
34 38 42 
34 38 44 
34 38 46 
34 38 48 
34 38 5 
34 38 50 
34 38 52 
34 38 54 
34 38 56 
34 38 58 
34 38 60 
34 38 62 
34 38 64 
34 38 66 
34 38 68 
34 38 7 
34 38 70 
34 38 72 
34 38 74 
34 38 9 
34 40 42 
34 40 44 
34 40 46 
34 40 48 
34 40 5 
34 40 50 
34 40 51 
34 40 52 
34 40 54 
34 40 56 
34 40 58 
34 40 60 
34 40 62 
34 40 64 
34 40 66 
34 40 68 
34 40 69 
34 40 7 
34 40 70 
34 40 71 
34 40 72 
34 40 74 
34 40 9 
34 42 44 
34 42 46 
34 42 48 
34 42 5 
34 42 50 
34 42 51 
34 42 52 
34 42 54 
34 42 56 
34 42 58 
34 42 60 
34 42 62 
34 42 64 
34 42 66 
34 42 68 
34 42 7 
34 42 70 
34 42 72 
34 42 74 
34 42 9 
34 44 46 
34 44 48 
34 44 5 
34 44 50 
34 44 52 
34 44 54 
34 44 56 
34 44 58 
34 44 60 
34 44 62 
34 44 64 
34 44 66 
34 44 68 
34 44 7 
34 44 70 
34 44 72 
34 44 74 
34 44 9 
34 46 48 
34 46 5 
34 46 50 
34 46 52 
34 46 54 
34 46 56 
34 46 58 
34 46 60 
34 46 62 
34 46 64 
34 46 66 
34 46 68 
34 46 7 
34 46 70 
34 46 72 
34 46 74 
34 46 9 
34 48 5 
34 48 50 
34 48 51 
34 48 52 
34 48 54 
34 48 56 
34 48 58 
34 48 60 
34 48 62 
34 48 64 
34 48 66 
34 48 68 
34 48 69 
34 48 7 
34 48 70 
34 48 71 
34 48 72 
34 48 74 
34 48 9 
34 5 50 
34 5 51 
34 5 52 
34 5 54 
34 5 56 
34 5 58 
34 5 60 
34 5 62 
34 5 64 
34 5 66 
34 5 68 
34 5 69 
34 5 7 
34 5 70 
34 5 72 
34 5 74 
34 5 9 
34 50 52 
34 50 54 
34 50 56 
34 50 58 
34 50 60 
34 50 62 
34 50 64 
34 50 66 
34 50 68 
34 50 7 
34 50 70 
34 50 72 
34 50 74 
34 50 9 
34 51 52 
34 51 56 
34 51 58 
34 51 60 
34 51 62 
34 51 66 
34 51 7 
34 51 9 
34 52 54 
34 52 56 
34 52 58 
34 52 60 
34 52 62 
34 52 64 
34 52 66 
34 52 68 
34 52 69 
34 52 7 
34 52 70 
34 52 71 
34 52 72 
34 52 74 
34 52 9 
34 54 56 
34 54 58 
34 54 60 
34 54 62 
34 54 64 
34 54 66 
34 54 68 
34 54 7 
34 54 70 
34 54 72 
34 54 74 
34 54 9 
34 56 58 
34 56 60 
34 56 62 
34 56 64 
34 56 66 
34 56 68 
34 56 7 
34 56 70 
34 56 72 
34 56 74 
34 56 9 
34 58 60 
34 58 62 
34 58 64 
34 58 66 
34 58 68 
34 58 69 
34 58 7 
34 58 70 
34 58 71 
34 58 72 
34 58 74 
34 58 9 
34 60 62 
34 60 64 
34 60 66 
34 60 68 
34 60 69 
34 60 7 
34 60 70 
34 60 71 
34 60 72 
34 60 74 
34 60 9 
34 62 64 
34 62 66 
34 62 68 
34 62 69 
34 62 7 
34 62 70 
34 62 72 
34 62 74 
34 62 9 
34 64 66 
34 64 68 
34 64 7 
34 64 70 
34 64 72 
34 64 74 
34 64 9 
34 66 68 
34 66 69 
34 66 7 
34 66 70 
34 66 71 
34 66 72 
34 66 74 
34 66 9 
34 68 7 
34 68 70 
34 68 72 
34 68 74 
34 68 9 
34 69 7 
34 7 70 
34 7 72 
34 7 74 
34 7 9 
34 70 72 
34 70 74 
34 70 9 
34 72 74 
34 72 9 
34 74 9 
36 38 40 
36 38 42 
36 38 44 
36 38 46 
36 38 48 
36 38 5 
36 38 50 
36 38 52 
36 38 54 
36 38 56 
36 38 58 
36 38 60 
36 38 62 
36 38 64 
36 38 66 
36 38 68 
36 38 7 
36 38 70 
36 38 72 
36 38 74 
36 38 9 
36 40 42 
36 40 44 
36 40 46 
36 40 48 
36 40 5 
36 40 50 
36 40 51 
36 40 52 
36 40 54 
36 40 56 
36 40 58 
36 40 60 
36 40 62 
36 40 64 
36 40 66 
36 40 68 
36 40 69 
36 40 7 
36 40 70 
36 40 71 
36 40 72 
36 40 74 
36 40 9 
36 42 44 
36 42 46 
36 42 48 
36 42 5 
36 42 50 
36 42 51 
36 42 52 
36 42 54 
36 42 56 
36 42 58 
36 42 60 
36 42 62 
36 42 64 
36 42 66 
36 42 68 
36 42 69 
36 42 7 
36 42 70 
36 42 72 
36 42 74 
36 42 9 
36 44 46 
36 44 48 
36 44 5 
36 44 50 
36 44 52 
36 44 54 
36 44 56 
36 44 58 
36 44 60 
36 44 62 
36 44 64 
36 44 66 
36 44 68 
36 44 7 
36 44 70 
36 44 72 
36 44 74 
36 44 9 
36 46 48 
36 46 5 
36 46 50 
36 46 51 
36 46 52 
36 46 54 
36 46 56 
36 46 58 
36 46 60 
36 46 62 
36 46 64 
36 46 66 
36 46 68 
36 46 7 
36 46 70 
36 46 71 
36 46 72 
36 46 74 
36 46 9 
36 48 5 
36 48 50 
36 48 51 
36 48 52 
36 48 54 
36 48 56 
36 48 58 
36 48 60 
36 48 62 
36 48 64 
36 48 66 
36 48 68 
36 48 69 
36 48 7 
36 48 70 
36 48 71 
36 48 72 
36 48 74 
36 48 9 
36 5 50 
36 5 51 
36 5 52 
36 5 54 
36 5 56 
36 5 58 
36 5 60 
36 5 62 
36 5 64 
36 5 66 
36 5 68 
36 5 69 
36 5 7 
36 5 70 
36 5 71 
36 5 72 
36 5 74 
36 5 9 
36 50 52 
36 50 54 
36 50 56 
36 50 58 
36 50 60 
36 50 62 
36 50 64 
36 50 66 
36 50 68 
36 50 7 
36 50 70 
36 50 72 
36 50 74 
36 50 9 
36 51 52 
36 51 56 
36 51 58 
36 51 60 
36 51 62 
36 51 66 
36 51 7 
36 51 9 
36 52 54 
36 52 56 
36 52 58 
36 52 60 
36 52 62 
36 52 64 
36 52 66 
36 52 68 
36 52 69 
36 52 7 
36 52 70 
36 52 71 
36 52 72 
36 52 74 
36 52 9 
36 54 56 
36 54 58 
36 54 60 
36 54 62 
36 54 64 
36 54 66 
36 54 68 
36 54 7 
36 54 70 
36 54 72 
36 54 74 
36 54 9 
36 56 58 
36 56 60 
36 56 62 
36 56 64 
36 56 66 
36 56 68 
36 56 69 
36 56 7 
36 56 70 
36 56 71 
36 56 72 
36 56 74 
36 56 9 
36 58 60 
36 58 62 
36 58 64 
36 58 66 
36 58 68 
36 58 69 
36 58 7 
36 58 70 
36 58 71 
36 58 72 
36 58 74 
36 58 9 
36 60 62 
36 60 64 
36 60 66 
36 60 68 
36 60 69 
36 60 7 
36 60 70 
36 60 71 
36 60 72 
36 60 74 
36 60 9 
36 62 64 
36 62 66 
36 62 68 
36 62 69 
36 62 7 
36 62 70 
36 62 71 
36 62 72 
36 62 74 
36 62 9 
36 64 66 
36 64 68 
36 64 7 
36 64 70 
36 64 72 
36 64 74 
36 64 9 
36 66 68 
36 66 69 
36 66 7 
36 66 70 
36 66 71 
36 66 72 
36 66 74 
36 66 9 
36 68 7 
36 68 70 
36 68 72 
36 68 74 
36 68 9 
36 69 7 
36 69 9 
36 7 70 
36 7 71 
36 7 72 
36 7 74 
36 7 9 
36 70 72 
36 70 74 
36 70 9 
36 72 74 
36 72 9 
36 74 9 
38 40 42 
38 40 44 
38 40 46 
38 40 48 
38 40 5 
38 40 50 
38 40 52 
38 40 54 
38 40 56 
38 40 58 
38 40 60 
38 40 62 
38 40 64 
38 40 66 
38 40 68 
38 40 7 
38 40 70 
38 40 72 
38 40 74 
38 40 9 
38 42 44 
38 42 46 
38 42 48 
38 42 5 
38 42 50 
38 42 52 
38 42 54 
38 42 56 
38 42 58 
38 42 60 
38 42 62 
38 42 64 
38 42 66 
38 42 68 
38 42 7 
38 42 70 
38 42 72 
38 42 74 
38 42 9 
38 44 46 
38 44 48 
38 44 5 
38 44 50 
38 44 52 
38 44 54 
38 44 56 
38 44 58 
38 44 60 
38 44 62 
38 44 64 
38 44 66 
38 44 68 
38 44 7 
38 44 70 
38 44 72 
38 44 74 
38 44 9 
38 46 48 
38 46 5 
38 46 50 
38 46 52 
38 46 54 
38 46 56 
38 46 58 
38 46 60 
38 46 62 
38 46 64 
38 46 66 
38 46 68 
38 46 7 
38 46 70 
38 46 72 
38 46 74 
38 46 9 
38 48 5 
38 48 50 
38 48 52 
38 48 54 
38 48 56 
38 48 58 
38 48 60 
38 48 62 
38 48 64 
38 48 66 
38 48 68 
38 48 7 
38 48 70 
38 48 72 
38 48 74 
38 48 9 
38 5 50 
38 5 52 
38 5 54 
38 5 56 
38 5 58 
38 5 60 
38 5 62 
38 5 64 
38 5 66 
38 5 68 
38 5 7 
38 5 70 
38 5 72 
38 5 74 
38 5 9 
38 50 52 
38 50 54 
38 50 56 
38 50 58 
38 50 60 
38 50 62 
38 50 64 
38 50 66 
38 50 7 
38 50 70 
38 50 72 
38 50 74 
38 50 9 
38 52 54 
38 52 56 
38 52 58 
38 52 60 
38 52 62 
38 52 64 
38 52 66 
38 52 68 
38 52 7 
38 52 70 
38 52 72 
38 52 74 
38 52 9 
38 54 56 
38 54 58 
38 54 60 
38 54 62 
38 54 64 
38 54 66 
38 54 68 
38 54 7 
38 54 70 
38 54 74 
38 54 9 
38 56 58 
38 56 60 
38 56 62 
38 56 64 
38 56 66 
38 56 68 
38 56 7 
38 56 70 
38 56 72 
38 56 74 
38 56 9 
38 58 60 
38 58 62 
38 58 64 
38 58 66 
38 58 68 
38 58 7 
38 58 70 
38 58 72 
38 58 74 
38 58 9 
38 60 62 
38 60 64 
38 60 66 
38 60 68 
38 60 7 
38 60 70 
38 60 72 
38 60 74 
38 60 9 
38 62 64 
38 62 66 
38 62 68 
38 62 7 
38 62 70 
38 62 72 
38 62 74 
38 62 9 
38 64 66 
38 64 68 
38 64 7 
38 64 70 
38 64 72 
38 64 74 
38 64 9 
38 66 68 
38 66 7 
38 66 70 
38 66 72 
38 66 74 
38 66 9 
38 68 7 
38 68 70 
38 68 72 
38 68 74 
38 68 9 
38 7 70 
38 7 72 
38 7 74 
38 7 9 
38 70 72 
38 70 74 
38 70 9 
38 72 74 
38 72 9 
38 74 9 
40 42 44 
40 42 46 
40 42 48 
40 42 5 
40 42 50 
40 42 51 
40 42 52 
40 42 54 
40 42 56 
40 42 58 
40 42 60 
40 42 62 
40 42 64 
40 42 66 
40 42 68 
40 42 69 
40 42 7 
40 42 70 
40 42 72 
40 42 74 
40 42 9 
40 44 46 
40 44 48 
40 44 5 
40 44 50 
40 44 52 
40 44 54 
40 44 56 
40 44 58 
40 44 60 
40 44 62 
40 44 64 
40 44 66 
40 44 68 
40 44 7 
40 44 70 
40 44 72 
40 44 74 
40 44 9 
40 46 48 
40 46 5 
40 46 50 
40 46 52 
40 46 54 
40 46 56 
40 46 58 
40 46 60 
40 46 62 
40 46 64 
40 46 66 
40 46 68 
40 46 7 
40 46 70 
40 46 71 
40 46 72 
40 46 74 
40 46 9 
40 48 5 
40 48 50 
40 48 51 
40 48 52 
40 48 54 
40 48 56 
40 48 58 
40 48 60 
40 48 62 
40 48 64 
40 48 66 
40 48 68 
40 48 69 
40 48 7 
40 48 70 
40 48 71 
40 48 72 
40 48 74 
40 48 9 
40 5 50 
40 5 51 
40 5 52 
40 5 54 
40 5 56 
40 5 58 
40 5 60 
40 5 62 
40 5 64 
40 5 66 
40 5 68 
40 5 69 
40 5 7 
40 5 70 
40 5 71 
40 5 72 
40 5 74 
40 5 9 
40 50 52 
40 50 54 
40 50 56 
40 50 58 
40 50 60 
40 50 62 
40 50 64 
40 50 66 
40 50 68 
40 50 7 
40 50 70 
40 50 72 
40 50 74 
40 50 9 
40 51 52 
40 51 56 
40 51 58 
40 51 60 
40 51 62 
40 51 66 
40 51 7 
40 51 9 
40 52 54 
40 52 56 
40 52 58 
40 52 60 
40 52 62 
40 52 64 
40 52 66 
40 52 68 
40 52 69 
40 52 7 
40 52 70 
40 52 71 
40 52 72 
40 52 74 
40 52 9 
40 54 56 
40 54 58 
40 54 60 
40 54 62 
40 54 64 
40 54 66 
40 54 68 
40 54 7 
40 54 70 
40 54 72 
40 54 74 
40 54 9 
40 56 58 
40 56 60 
40 56 62 
40 56 64 
40 56 66 
40 56 68 
40 56 69 
40 56 7 
40 56 70 
40 56 71 
40 56 72 
40 56 74 
40 56 9 
40 58 60 
40 58 62 
40 58 64 
40 58 66 
40 58 68 
40 58 69 
40 58 7 
40 58 70 
40 58 71 
40 58 72 
40 58 74 
40 58 9 
40 60 62 
40 60 64 
40 60 66 
40 60 68 
40 60 69 
40 60 7 
40 60 70 
40 60 71 
40 60 72 
40 60 74 
40 60 9 
40 62 64 
40 62 66 
40 62 68 
40 62 69 
40 62 7 
40 62 70 
40 62 71 
40 62 72 
40 62 74 
40 62 9 
40 64 66 
40 64 68 
40 64 7 
40 64 70 
40 64 72 
40 64 74 
40 64 9 
40 66 68 
40 66 69 
40 66 7 
40 66 70 
40 66 71 
40 66 72 
40 66 74 
40 66 9 
40 68 7 
40 68 70 
40 68 72 
40 68 74 
40 68 9 
40 69 7 
40 69 9 
40 7 70 
40 7 71 
40 7 72 
40 7 74 
40 7 9 
40 70 72 
40 70 74 
40 70 9 
40 72 74 
40 72 9 
40 74 9 
42 44 46 
42 44 48 
42 44 5 
42 44 50 
42 44 52 
42 44 54 
42 44 56 
42 44 58 
42 44 60 
42 44 62 
42 44 64 
42 44 66 
42 44 68 
42 44 7 
42 44 70 
42 44 72 
42 44 74 
42 44 9 
42 46 48 
42 46 5 
42 46 50 
42 46 52 
42 46 54 
42 46 56 
42 46 58 
42 46 60 
42 46 62 
42 46 64 
42 46 66 
42 46 68 
42 46 7 
42 46 70 
42 46 72 
42 46 74 
42 46 9 
42 48 5 
42 48 50 
42 48 51 
42 48 52 
42 48 54 
42 48 56 
42 48 58 
42 48 60 
42 48 62 
42 48 64 
42 48 66 
42 48 68 
42 48 69 
42 48 7 
42 48 70 
42 48 72 
42 48 74 
42 48 9 
42 5 50 
42 5 52 
42 5 54 
42 5 56 
42 5 58 
42 5 60 
42 5 62 
42 5 64 
42 5 66 
42 5 68 
42 5 7 
42 5 70 
42 5 72 
42 5 74 
42 5 9 
42 50 52 
42 50 54 
42 50 56 
42 50 58 
42 50 60 
42 50 62 
42 50 64 
42 50 66 
42 50 68 
42 50 7 
42 50 70 
42 50 72 
42 50 74 
42 50 9 
42 51 52 
42 51 58 
42 51 60 
42 51 66 
42 52 54 
42 52 56 
42 52 58 
42 52 60 
42 52 62 
42 52 64 
42 52 66 
42 52 68 
42 52 69 
42 52 7 
42 52 70 
42 52 72 
42 52 74 
42 52 9 
42 54 56 
42 54 58 
42 54 60 
42 54 62 
42 54 64 
42 54 66 
42 54 68 
42 54 7 
42 54 70 
42 54 72 
42 54 74 
42 54 9 
42 56 58 
42 56 60 
42 56 62 
42 56 64 
42 56 66 
42 56 68 
42 56 7 
42 56 70 
42 56 72 
42 56 74 
42 56 9 
42 58 60 
42 58 62 
42 58 64 
42 58 66 
42 58 68 
42 58 69 
42 58 7 
42 58 70 
42 58 72 
42 58 74 
42 58 9 
42 60 62 
42 60 64 
42 60 66 
42 60 68 
42 60 69 
42 60 7 
42 60 70 
42 60 72 
42 60 74 
42 60 9 
42 62 64 
42 62 66 
42 62 68 
42 62 7 
42 62 70 
42 62 72 
42 62 74 
42 62 9 
42 64 66 
42 64 68 
42 64 7 
42 64 70 
42 64 72 
42 64 74 
42 64 9 
42 66 68 
42 66 69 
42 66 7 
42 66 70 
42 66 72 
42 66 74 
42 66 9 
42 68 7 
42 68 70 
42 68 72 
42 68 74 
42 68 9 
42 7 70 
42 7 72 
42 7 74 
42 7 9 
42 70 72 
42 70 74 
42 70 9 
42 72 74 
42 72 9 
42 74 9 
44 46 48 
44 46 5 
44 46 50 
44 46 52 
44 46 54 
44 46 56 
44 46 58 
44 46 60 
44 46 62 
44 46 64 
44 46 66 
44 46 68 
44 46 7 
44 46 70 
44 46 72 
44 46 74 
44 46 9 
44 48 5 
44 48 50 
44 48 52 
44 48 54 
44 48 56 
44 48 58 
44 48 60 
44 48 62 
44 48 64 
44 48 66 
44 48 68 
44 48 7 
44 48 70 
44 48 72 
44 48 74 
44 48 9 
44 5 50 
44 5 52 
44 5 54 
44 5 56 
44 5 58 
44 5 60 
44 5 62 
44 5 64 
44 5 66 
44 5 68 
44 5 7 
44 5 70 
44 5 72 
44 5 74 
44 5 9 
44 50 52 
44 50 54 
44 50 56 
44 50 58 
44 50 60 
44 50 62 
44 50 64 
44 50 66 
44 50 68 
44 50 7 
44 50 70 
44 50 72 
44 50 74 
44 50 9 
44 51 52 
44 51 58 
44 51 60 
44 52 54 
44 52 56 
44 52 58 
44 52 60 
44 52 62 
44 52 64 
44 52 66 
44 52 68 
44 52 7 
44 52 70 
44 52 72 
44 52 74 
44 52 9 
44 54 56 
44 54 58 
44 54 60 
44 54 62 
44 54 64 
44 54 66 
44 54 68 
44 54 7 
44 54 70 
44 54 72 
44 54 74 
44 54 9 
44 56 58 
44 56 60 
44 56 62 
44 56 64 
44 56 66 
44 56 68 
44 56 7 
44 56 70 
44 56 72 
44 56 74 
44 56 9 
44 58 60 
44 58 62 
44 58 64 
44 58 66 
44 58 68 
44 58 7 
44 58 70 
44 58 72 
44 58 74 
44 58 9 
44 60 62 
44 60 64 
44 60 66 
44 60 68 
44 60 7 
44 60 70 
44 60 72 
44 60 74 
44 60 9 
44 62 64 
44 62 66 
44 62 68 
44 62 7 
44 62 70 
44 62 72 
44 62 74 
44 62 9 
44 64 66 
44 64 68 
44 64 7 
44 64 70 
44 64 72 
44 64 74 
44 64 9 
44 66 68 
44 66 7 
44 66 70 
44 66 72 
44 66 74 
44 66 9 
44 68 7 
44 68 70 
44 68 72 
44 68 74 
44 68 9 
44 7 70 
44 7 72 
44 7 74 
44 7 9 
44 70 72 
44 70 74 
44 70 9 
44 72 74 
44 72 9 
44 74 9 
46 48 5 
46 48 50 
46 48 52 
46 48 54 
46 48 56 
46 48 58 
46 48 60 
46 48 62 
46 48 64 
46 48 66 
46 48 68 
46 48 7 
46 48 70 
46 48 71 
46 48 72 
46 48 74 
46 48 9 
46 5 50 
46 5 52 
46 5 54 
46 5 56 
46 5 58 
46 5 60 
46 5 62 
46 5 64 
46 5 66 
46 5 68 
46 5 7 
46 5 70 
46 5 72 
46 5 74 
46 5 9 
46 50 52 
46 50 54 
46 50 56 
46 50 58 
46 50 60 
46 50 62 
46 50 64 
46 50 66 
46 50 7 
46 50 72 
46 50 74 
46 50 9 
46 51 52 
46 51 58 
46 51 60 
46 52 54 
46 52 56 
46 52 58 
46 52 60 
46 52 62 
46 52 64 
46 52 66 
46 52 68 
46 52 7 
46 52 70 
46 52 71 
46 52 72 
46 52 74 
46 52 9 
46 54 56 
46 54 58 
46 54 60 
46 54 62 
46 54 64 
46 54 66 
46 54 68 
46 54 7 
46 54 70 
46 54 72 
46 54 74 
46 54 9 
46 56 58 
46 56 60 
46 56 62 
46 56 64 
46 56 66 
46 56 68 
46 56 7 
46 56 70 
46 56 72 
46 56 74 
46 56 9 
46 58 60 
46 58 62 
46 58 64 
46 58 66 
46 58 68 
46 58 7 
46 58 70 
46 58 71 
46 58 72 
46 58 74 
46 58 9 
46 60 62 
46 60 64 
46 60 66 
46 60 68 
46 60 7 
46 60 70 
46 60 71 
46 60 72 
46 60 74 
46 60 9 
46 62 64 
46 62 66 
46 62 68 
46 62 7 
46 62 70 
46 62 72 
46 62 74 
46 62 9 
46 64 66 
46 64 68 
46 64 7 
46 64 70 
46 64 72 
46 64 74 
46 64 9 
46 66 68 
46 66 7 
46 66 70 
46 66 71 
46 66 72 
46 66 74 
46 66 9 
46 68 7 
46 68 72 
46 68 74 
46 68 9 
46 7 70 
46 7 72 
46 7 74 
46 7 9 
46 70 72 
46 70 74 
46 70 9 
46 72 74 
46 72 9 
46 74 9 
48 5 50 
48 5 51 
48 5 52 
48 5 54 
48 5 56 
48 5 58 
48 5 60 
48 5 62 
48 5 64 
48 5 66 
48 5 68 
48 5 69 
48 5 7 
48 5 70 
48 5 71 
48 5 72 
48 5 74 
48 5 9 
48 50 52 
48 50 54 
48 50 56 
48 50 58 
48 50 60 
48 50 62 
48 50 64 
48 50 66 
48 50 68 
48 50 7 
48 50 70 
48 50 72 
48 50 74 
48 50 9 
48 51 52 
48 51 56 
48 51 58 
48 51 60 
48 51 62 
48 51 66 
48 51 7 
48 51 9 
48 52 54 
48 52 56 
48 52 58 
48 52 60 
48 52 62 
48 52 64 
48 52 66 
48 52 68 
48 52 69 
48 52 7 
48 52 70 
48 52 71 
48 52 72 
48 52 74 
48 52 9 
48 54 56 
48 54 58 
48 54 60 
48 54 62 
48 54 64 
48 54 66 
48 54 68 
48 54 7 
48 54 70 
48 54 72 
48 54 74 
48 54 9 
48 56 58 
48 56 60 
48 56 62 
48 56 64 
48 56 66 
48 56 68 
48 56 69 
48 56 7 
48 56 70 
48 56 71 
48 56 72 
48 56 74 
48 56 9 
48 58 60 
48 58 62 
48 58 64 
48 58 66 
48 58 68 
48 58 69 
48 58 7 
48 58 70 
48 58 71 
48 58 72 
48 58 74 
48 58 9 
48 60 62 
48 60 64 
48 60 66 
48 60 68 
48 60 69 
48 60 7 
48 60 70 
48 60 71 
48 60 72 
48 60 74 
48 60 9 
48 62 64 
48 62 66 
48 62 68 
48 62 69 
48 62 7 
48 62 70 
48 62 71 
48 62 72 
48 62 74 
48 62 9 
48 64 66 
48 64 68 
48 64 7 
48 64 70 
48 64 72 
48 64 74 
48 64 9 
48 66 68 
48 66 69 
48 66 7 
48 66 70 
48 66 71 
48 66 72 
48 66 74 
48 66 9 
48 68 7 
48 68 70 
48 68 72 
48 68 74 
48 68 9 
48 69 7 
48 69 9 
48 7 70 
48 7 71 
48 7 72 
48 7 74 
48 7 9 
48 70 72 
48 70 74 
48 70 9 
48 72 74 
48 72 9 
48 74 9 
5 50 52 
5 50 54 
5 50 56 
5 50 58 
5 50 60 
5 50 62 
5 50 64 
5 50 66 
5 50 68 
5 50 7 
5 50 70 
5 50 72 
5 50 74 
5 50 9 
5 51 52 
5 51 56 
5 51 58 
5 51 60 
5 51 62 
5 51 66 
5 51 7 
5 52 54 
5 52 56 
5 52 58 
5 52 60 
5 52 62 
5 52 64 
5 52 66 
5 52 68 
5 52 69 
5 52 7 
5 52 70 
5 52 71 
5 52 72 
5 52 74 
5 52 9 
5 54 56 
5 54 58 
5 54 60 
5 54 62 
5 54 64 
5 54 66 
5 54 68 
5 54 7 
5 54 70 
5 54 72 
5 54 74 
5 54 9 
5 56 58 
5 56 60 
5 56 62 
5 56 64 
5 56 66 
5 56 68 
5 56 7 
5 56 70 
5 56 72 
5 56 74 
5 56 9 
5 58 60 
5 58 62 
5 58 64 
5 58 66 
5 58 68 
5 58 69 
5 58 7 
5 58 70 
5 58 71 
5 58 72 
5 58 74 
5 58 9 
5 60 62 
5 60 64 
5 60 66 
5 60 68 
5 60 69 
5 60 7 
5 60 70 
5 60 71 
5 60 72 
5 60 74 
5 60 9 
5 62 64 
5 62 66 
5 62 68 
5 62 69 
5 62 7 
5 62 70 
5 62 72 
5 62 74 
5 62 9 
5 64 66 
5 64 68 
5 64 7 
5 64 70 
5 64 72 
5 64 74 
5 64 9 
5 66 68 
5 66 69 
5 66 7 
5 66 70 
5 66 71 
5 66 72 
5 66 74 
5 66 9 
5 68 7 
5 68 70 
5 68 72 
5 68 74 
5 68 9 
5 69 7 
5 7 70 
5 7 72 
5 7 74 
5 7 9 
5 70 72 
5 70 74 
5 70 9 
5 72 74 
5 72 9 
5 74 9 
50 52 54 
50 52 56 
50 52 58 
50 52 60 
50 52 62 
50 52 64 
50 52 66 
50 52 68 
50 52 7 
50 52 70 
50 52 72 
50 52 74 
50 52 9 
50 54 56 
50 54 58 
50 54 60 
50 54 62 
50 54 64 
50 54 66 
50 54 7 
50 54 74 
50 54 9 
50 56 58 
50 56 60 
50 56 62 
50 56 64 
50 56 66 
50 56 68 
50 56 7 
50 56 70 
50 56 72 
50 56 74 
50 56 9 
50 58 60 
50 58 62 
50 58 64 
50 58 66 
50 58 68 
50 58 7 
50 58 70 
50 58 72 
50 58 74 
50 58 9 
50 60 62 
50 60 64 
50 60 66 
50 60 68 
50 60 7 
50 60 70 
50 60 72 
50 60 74 
50 60 9 
50 62 64 
50 62 66 
50 62 68 
50 62 7 
50 62 70 
50 62 72 
50 62 74 
50 62 9 
50 64 66 
50 64 68 
50 64 7 
50 64 70 
50 64 72 
50 64 74 
50 64 9 
50 66 68 
50 66 7 
50 66 70 
50 66 72 
50 66 74 
50 66 9 
50 68 7 
50 68 9 
50 7 70 
50 7 72 
50 7 74 
50 7 9 
50 70 74 
50 70 9 
50 72 9 
50 74 9 
51 52 56 
51 52 58 
51 52 60 
51 52 62 
51 52 66 
51 52 7 
51 52 9 
51 56 58 
51 56 60 
51 56 62 
51 56 66 
51 56 7 
51 56 9 
51 58 60 
51 58 62 
51 58 66 
51 58 7 
51 58 9 
51 60 62 
51 60 66 
51 60 7 
51 60 9 
51 62 66 
51 62 7 
51 66 7 
51 66 9 
52 54 56 
52 54 58 
52 54 60 
52 54 62 
52 54 64 
52 54 66 
52 54 68 
52 54 7 
52 54 70 
52 54 72 
52 54 74 
52 54 9 
52 56 58 
52 56 60 
52 56 62 
52 56 64 
52 56 66 
52 56 68 
52 56 69 
52 56 7 
52 56 70 
52 56 71 
52 56 72 
52 56 74 
52 56 9 
52 58 60 
52 58 62 
52 58 64 
52 58 66 
52 58 68 
52 58 69 
52 58 7 
52 58 70 
52 58 71 
52 58 72 
52 58 74 
52 58 9 
52 60 62 
52 60 64 
52 60 66 
52 60 68 
52 60 69 
52 60 7 
52 60 70 
52 60 71 
52 60 72 
52 60 74 
52 60 9 
52 62 64 
52 62 66 
52 62 68 
52 62 69 
52 62 7 
52 62 70 
52 62 71 
52 62 72 
52 62 74 
52 62 9 
52 64 66 
52 64 68 
52 64 7 
52 64 70 
52 64 72 
52 64 74 
52 64 9 
52 66 68 
52 66 69 
52 66 7 
52 66 70 
52 66 71 
52 66 72 
52 66 74 
52 66 9 
52 68 7 
52 68 70 
52 68 72 
52 68 74 
52 68 9 
52 69 7 
52 69 9 
52 7 70 
52 7 71 
52 7 72 
52 7 74 
52 7 9 
52 70 72 
52 70 74 
52 70 9 
52 72 74 
52 72 9 
52 74 9 
54 56 58 
54 56 60 
54 56 62 
54 56 64 
54 56 66 
54 56 68 
54 56 7 
54 56 70 
54 56 72 
54 56 74 
54 56 9 
54 58 60 
54 58 62 
54 58 64 
54 58 66 
54 58 68 
54 58 7 
54 58 70 
54 58 72 
54 58 74 
54 58 9 
54 60 62 
54 60 64 
54 60 66 
54 60 68 
54 60 7 
54 60 70 
54 60 72 
54 60 74 
54 60 9 
54 62 64 
54 62 66 
54 62 68 
54 62 7 
54 62 70 
54 62 72 
54 62 74 
54 62 9 
54 64 66 
54 64 68 
54 64 7 
54 64 70 
54 64 72 
54 64 74 
54 64 9 
54 66 68 
54 66 7 
54 66 70 
54 66 72 
54 66 74 
54 66 9 
54 68 7 
54 68 74 
54 68 9 
54 7 70 
54 7 72 
54 7 74 
54 7 9 
54 70 74 
54 70 9 
54 72 74 
54 72 9 
54 74 9 
56 58 60 
56 58 62 
56 58 64 
56 58 66 
56 58 68 
56 58 69 
56 58 7 
56 58 70 
56 58 71 
56 58 72 
56 58 74 
56 58 9 
56 60 62 
56 60 64 
56 60 66 
56 60 68 
56 60 69 
56 60 7 
56 60 70 
56 60 71 
56 60 72 
56 60 74 
56 60 9 
56 62 64 
56 62 66 
56 62 68 
56 62 69 
56 62 7 
56 62 70 
56 62 71 
56 62 72 
56 62 74 
56 62 9 
56 64 66 
56 64 68 
56 64 7 
56 64 70 
56 64 72 
56 64 74 
56 64 9 
56 66 68 
56 66 69 
56 66 7 
56 66 70 
56 66 71 
56 66 72 
56 66 74 
56 66 9 
56 68 7 
56 68 70 
56 68 72 
56 68 74 
56 68 9 
56 69 7 
56 7 70 
56 7 71 
56 7 72 
56 7 74 
56 7 9 
56 70 72 
56 70 74 
56 70 9 
56 72 74 
56 72 9 
56 74 9 
58 60 62 
58 60 64 
58 60 66 
58 60 68 
58 60 69 
58 60 7 
58 60 70 
58 60 71 
58 60 72 
58 60 74 
58 60 9 
58 62 64 
58 62 66 
58 62 68 
58 62 69 
58 62 7 
58 62 70 
58 62 71 
58 62 72 
58 62 74 
58 62 9 
58 64 66 
58 64 68 
58 64 7 
58 64 70 
58 64 72 
58 64 74 
58 64 9 
58 66 68 
58 66 69 
58 66 7 
58 66 70 
58 66 71 
58 66 72 
58 66 74 
58 66 9 
58 68 7 
58 68 70 
58 68 72 
58 68 74 
58 68 9 
58 69 7 
58 69 9 
58 7 70 
58 7 71 
58 7 72 
58 7 74 
58 7 9 
58 70 72 
58 70 74 
58 70 9 
58 72 74 
58 72 9 
58 74 9 
60 62 64 
60 62 66 
60 62 68 
60 62 69 
60 62 7 
60 62 70 
60 62 71 
60 62 72 
60 62 74 
60 62 9 
60 64 66 
60 64 68 
60 64 7 
60 64 70 
60 64 72 
60 64 74 
60 64 9 
60 66 68 
60 66 69 
60 66 7 
60 66 70 
60 66 71 
60 66 72 
60 66 74 
60 66 9 
60 68 7 
60 68 70 
60 68 72 
60 68 74 
60 68 9 
60 69 7 
60 69 9 
60 7 70 
60 7 71 
60 7 72 
60 7 74 
60 7 9 
60 70 72 
60 70 74 
60 70 9 
60 72 74 
60 72 9 
60 74 9 
62 64 66 
62 64 68 
62 64 7 
62 64 70 
62 64 72 
62 64 74 
62 64 9 
62 66 68 
62 66 69 
62 66 7 
62 66 70 
62 66 71 
62 66 72 
62 66 74 
62 66 9 
62 68 7 
62 68 70 
62 68 72 
62 68 74 
62 68 9 
62 69 7 
62 69 9 
62 7 70 
62 7 72 
62 7 74 
62 7 9 
62 70 72 
62 70 74 
62 70 9 
62 72 74 
62 72 9 
62 74 9 
64 66 68 
64 66 7 
64 66 70 
64 66 72 
64 66 74 
64 66 9 
64 68 7 
64 68 70 
64 68 72 
64 68 74 
64 68 9 
64 7 70 
64 7 72 
64 7 74 
64 7 9 
64 70 72 
64 70 74 
64 70 9 
64 72 74 
64 72 9 
64 74 9 
66 68 7 
66 68 70 
66 68 72 
66 68 74 
66 68 9 
66 69 7 
66 69 9 
66 7 70 
66 7 71 
66 7 72 
66 7 74 
66 7 9 
66 70 72 
66 70 74 
66 70 9 
66 72 74 
66 72 9 
66 74 9 
68 7 70 
68 7 72 
68 7 74 
68 7 9 
68 70 74 
68 70 9 
68 72 74 
68 72 9 
68 74 9 
69 7 9 
7 70 72 
7 70 74 
7 70 9 
7 72 74 
7 72 9 
7 74 9 
70 72 74 
70 72 9 
70 74 9 
72 74 9 
