1 11 
1 15 
1 17 
1 19 
1 21 
1 25 
1 27 
1 29 
1 3 
1 31 
1 34 
1 36 
1 38 
1 40 
1 42 
1 44 
1 46 
1 48 
1 5 
1 52 
1 54 
1 56 
1 58 
1 60 
1 62 
1 64 
1 66 
1 68 
1 7 
1 70 
1 72 
1 74 
1 9 
11 13 
11 15 
11 17 
11 19 
11 21 
11 23 
11 25 
11 27 
11 29 
11 3 
11 31 
11 34 
11 36 
11 38 
11 40 
11 42 
11 44 
11 46 
11 48 
11 5 
11 50 
11 52 
11 54 
11 56 
11 58 
11 60 
11 62 
11 64 
11 66 
11 68 
11 7 
11 70 
11 72 
11 74 
11 9 
12 25 
12 29 
12 34 
12 36 
12 40 
12 48 
12 5 
12 52 
12 58 
12 60 
12 62 
12 66 
12 7 
13 15 
13 17 
13 19 
13 21 
13 25 
13 27 
13 29 
13 3 
13 31 
13 34 
13 36 
13 38 
13 40 
13 42 
13 44 
13 46 
13 48 
13 5 
13 50 
13 52 
13 54 
13 56 
13 58 
13 60 
13 62 
13 64 
13 66 
13 68 
13 7 
13 70 
13 72 
13 74 
13 9 
14 17 
14 21 
14 25 
14 29 
14 3 
14 31 
14 34 
14 36 
14 38 
14 40 
14 42 
14 44 
14 46 
14 48 
14 5 
14 52 
14 56 
14 58 
14 60 
14 62 
14 64 
14 66 
14 7 
14 72 
14 74 
14 9 
15 17 
15 19 
15 21 
15 23 
15 25 
15 27 
15 29 
15 3 
15 31 
15 34 
15 36 
15 38 
15 40 
15 42 
15 44 
15 46 
15 48 
15 5 
15 50 
15 52 
15 54 
15 56 
15 58 
15 60 
15 62 
15 64 
15 66 
15 68 
15 7 
15 70 
15 72 
15 74 
15 9 
16 25 
16 29 
16 34 
16 36 
16 40 
16 44 
16 48 
16 5 
16 52 
16 56 
16 58 
16 60 
16 62 
16 64 
16 66 
16 7 
16 9 
17 19 
17 2 
17 21 
17 23 
17 24 
17 25 
17 27 
17 29 
17 3 
17 31 
17 34 
17 36 
17 38 
17 40 
17 42 
17 44 
17 46 
17 48 
17 5 
17 50 
17 51 
17 52 
17 54 
17 56 
17 58 
17 60 
17 62 
17 64 
17 66 
17 68 
17 7 
17 70 
17 72 
17 74 
17 9 
19 21 
19 23 
19 25 
19 27 
19 29 
19 3 
19 31 
19 34 
19 36 
19 38 
19 40 
19 42 
19 44 
19 46 
19 48 
19 5 
19 50 
19 52 
19 54 
19 56 
19 58 
19 60 
19 62 
19 64 
19 66 
19 68 
19 7 
19 70 
19 72 
19 74 
19 9 
2 25 
2 29 
2 3 
2 31 
2 34 
2 36 
2 38 
2 40 
2 42 
2 44 
2 46 
2 48 
2 5 
2 52 
2 54 
2 56 
2 58 
2 60 
2 62 
2 64 
2 66 
2 7 
2 72 
2 74 
2 9 
20 25 
20 29 
20 3 
20 34 
20 36 
20 40 
20 44 
20 48 
20 5 
20 52 
20 56 
20 58 
20 60 
20 62 
20 64 
20 66 
20 7 
20 9 
21 23 
21 25 
21 27 
21 29 
21 3 
21 31 
21 34 
21 36 
21 38 
21 40 
21 42 
21 44 
21 46 
21 48 
21 5 
21 50 
21 52 
21 54 
21 56 
21 58 
21 60 
21 62 
21 64 
21 66 
21 68 
21 7 
21 70 
21 72 
21 74 
21 9 
23 25 
23 27 
23 29 
23 3 
23 31 
23 34 
23 36 
23 38 
23 40 
23 42 
23 44 
23 46 
23 48 
23 5 
23 50 
23 52 
23 56 
23 58 
23 60 
23 62 
23 64 
23 66 
23 68 
23 7 
23 70 
23 72 
23 74 
23 9 
24 25 
24 27 
24 29 
24 3 
24 34 
24 36 
24 40 
24 44 
24 46 
24 48 
24 5 
24 52 
24 54 
24 56 
24 58 
24 60 
24 62 
24 66 
24 7 
24 74 
24 9 
25 27 
25 29 
25 3 
25 31 
25 34 
25 36 
25 38 
25 40 
25 42 
25 44 
25 46 
25 48 
25 5 
25 50 
25 51 
25 52 
25 54 
25 56 
25 58 
25 60 
25 62 
25 64 
25 66 
25 68 
25 69 
25 7 
25 70 
25 71 
25 72 
25 74 
25 9 
27 29 
27 3 
27 31 
27 34 
27 36 
27 38 
27 40 
27 42 
27 44 
27 46 
27 48 
27 5 
27 50 
27 52 
27 54 
27 56 
27 58 
27 60 
27 62 
27 64 
27 66 
27 68 
27 7 
27 70 
27 71 
27 72 
27 74 
27 9 
29 3 
29 31 
29 34 
29 36 
29 38 
29 39 
29 40 
29 42 
29 44 
29 46 
29 48 
29 5 
29 50 
29 51 
29 52 
29 54 
29 56 
29 58 
29 60 
29 62 
29 64 
29 66 
29 68 
29 69 
29 7 
29 70 
29 71 
29 72 
29 74 
29 9 
3 31 
3 34 
3 36 
3 38 
3 40 
3 42 
3 44 
3 46 
3 48 
3 5 
3 50 
3 51 
3 52 
3 54 
3 56 
3 58 
3 60 
3 62 
3 64 
3 66 
3 68 
3 69 
3 7 
3 70 
3 72 
3 74 
3 9 
31 34 
31 36 
31 38 
31 40 
31 42 
31 44 
31 46 
31 48 
31 5 
31 50 
31 52 
31 54 
31 56 
31 58 
31 60 
31 62 
31 64 
31 66 
31 68 
31 69 
31 7 
31 70 
31 72 
31 74 
31 9 
34 36 
34 38 
34 40 
34 42 
34 44 
34 46 
34 48 
34 5 
34 50 
34 51 
34 52 
34 54 
34 56 
34 58 
34 60 
34 62 
34 64 
34 66 
34 68 
34 69 
34 7 
34 70 
34 71 
34 72 
34 74 
34 9 
36 38 
36 40 
36 42 
36 44 
36 46 
36 48 
36 5 
36 50 
36 51 
36 52 
36 54 
36 56 
36 58 
36 60 
36 62 
36 64 
36 66 
36 68 
36 69 
36 7 
36 70 
36 71 
36 72 
36 74 
36 9 
38 40 
38 42 
38 44 
38 46 
38 48 
38 5 
38 50 
38 52 
38 54 
38 56 
38 58 
38 60 
38 62 
38 64 
38 66 
38 68 
38 7 
38 70 
38 72 
38 74 
38 9 
39 58 
40 42 
40 44 
40 46 
40 48 
40 5 
40 50 
40 51 
40 52 
40 54 
40 56 
40 58 
40 60 
40 62 
40 64 
40 66 
40 68 
40 69 
40 7 
40 70 
40 71 
40 72 
40 74 
40 9 
42 44 
42 46 
42 48 
42 5 
42 50 
42 51 
42 52 
42 54 
42 56 
42 58 
42 60 
42 62 
42 64 
42 66 
42 68 
42 69 
42 7 
42 70 
42 72 
42 74 
42 9 
44 46 
44 48 
44 5 
44 50 
44 51 
44 52 
44 54 
44 56 
44 58 
44 60 
44 62 
44 64 
44 66 
44 68 
44 7 
44 70 
44 72 
44 74 
44 9 
46 48 
46 5 
46 50 
46 51 
46 52 
46 54 
46 56 
46 58 
46 60 
46 62 
46 64 
46 66 
46 68 
46 7 
46 70 
46 71 
46 72 
46 74 
46 9 
48 5 
48 50 
48 51 
48 52 
48 54 
48 56 
48 58 
48 60 
48 62 
48 64 
48 66 
48 68 
48 69 
48 7 
48 70 
48 71 
48 72 
48 74 
48 9 
5 50 
5 51 
5 52 
5 54 
5 56 
5 58 
5 60 
5 62 
5 64 
5 66 
5 68 
5 69 
5 7 
5 70 
5 71 
5 72 
5 74 
5 9 
50 52 
50 54 
50 56 
50 58 
50 60 
50 62 
50 64 
50 66 
50 68 
50 7 
50 70 
50 72 
50 74 
50 9 
51 52 
51 56 
51 58 
51 60 
51 62 
51 66 
51 7 
51 9 
52 54 
52 56 
52 58 
52 60 
52 62 
52 64 
52 66 
52 68 
52 69 
52 7 
52 70 
52 71 
52 72 
52 74 
52 9 
54 56 
54 58 
54 60 
54 62 
54 64 
54 66 
54 68 
54 7 
54 70 
54 72 
54 74 
54 9 
56 58 
56 60 
56 62 
56 64 
56 66 
56 68 
56 69 
56 7 
56 70 
56 71 
56 72 
56 74 
56 9 
58 60 
58 62 
58 64 
58 66 
58 68 
58 69 
58 7 
58 70 
58 71 
58 72 
58 74 
58 9 
60 62 
60 64 
60 66 
60 68 
60 69 
60 7 
60 70 
60 71 
60 72 
60 74 
60 9 
62 64 
62 66 
62 68 
62 69 
62 7 
62 70 
62 71 
62 72 
62 74 
62 9 
64 66 
64 68 
64 7 
64 70 
64 72 
64 74 
64 9 
66 68 
66 69 
66 7 
66 70 
66 71 
66 72 
66 74 
66 9 
68 7 
68 70 
68 72 
68 74 
68 9 
69 7 
69 9 
7 70 
7 71 
7 72 
7 74 
7 9 
70 72 
70 74 
70 9 
72 74 
72 9 
74 9 
