11 29 
11 34 
11 36 
11 40 
11 52 
11 56 
11 58 
11 60 
11 62 
11 7 
15 29 
15 40 
15 52 
15 58 
15 60 
17 25 
17 29 
17 3 
17 34 
17 36 
17 40 
17 42 
17 48 
17 5 
17 52 
17 56 
17 58 
17 60 
17 62 
17 66 
17 7 
17 9 
21 29 
21 34 
21 36 
21 40 
21 48 
21 5 
21 52 
21 56 
21 58 
21 60 
21 62 
21 66 
21 7 
25 29 
25 3 
25 31 
25 34 
25 36 
25 40 
25 42 
25 44 
25 46 
25 48 
25 5 
25 52 
25 54 
25 56 
25 58 
25 60 
25 62 
25 64 
25 66 
25 7 
25 72 
25 74 
25 9 
27 29 
27 34 
27 36 
27 40 
27 48 
27 52 
27 56 
27 58 
27 60 
27 62 
27 66 
27 7 
29 3 
29 31 
29 34 
29 36 
29 38 
29 40 
29 42 
29 44 
29 46 
29 48 
29 5 
29 52 
29 54 
29 56 
29 58 
29 60 
29 62 
29 64 
29 66 
29 7 
29 70 
29 72 
29 74 
29 9 
3 31 
3 34 
3 36 
3 40 
3 42 
3 44 
3 46 
3 48 
3 5 
3 52 
3 56 
3 58 
3 60 
3 62 
3 64 
3 66 
3 7 
3 72 
3 74 
3 9 
31 34 
31 36 
31 40 
31 42 
31 44 
31 46 
31 48 
31 5 
31 52 
31 56 
31 58 
31 60 
31 62 
31 64 
31 66 
31 7 
31 9 
34 36 
34 38 
34 40 
34 42 
34 44 
34 46 
34 48 
34 5 
34 52 
34 54 
34 56 
34 58 
34 60 
34 62 
34 64 
34 66 
34 7 
34 72 
34 74 
34 9 
36 38 
36 40 
36 42 
36 44 
36 46 
36 48 
36 5 
36 52 
36 54 
36 56 
36 58 
36 60 
36 62 
36 64 
36 66 
36 7 
36 72 
36 74 
36 9 
38 40 
38 48 
38 5 
38 52 
38 56 
38 58 
38 60 
38 62 
38 66 
38 7 
38 9 
40 42 
40 44 
40 46 
40 48 
40 5 
40 52 
40 54 
40 56 
40 58 
40 60 
40 62 
40 64 
40 66 
40 7 
40 70 
40 72 
40 74 
40 9 
42 44 
42 46 
42 48 
42 5 
42 52 
42 56 
42 58 
42 60 
42 62 
42 64 
42 66 
42 7 
42 72 
42 9 
44 46 
44 48 
44 5 
44 52 
44 56 
44 58 
44 60 
44 62 
44 64 
44 66 
44 7 
44 74 
44 9 
46 48 
46 5 
46 52 
46 56 
46 58 
46 60 
46 62 
46 64 
46 66 
46 7 
46 9 
48 5 
48 52 
48 54 
48 56 
48 58 
48 60 
48 62 
48 64 
48 66 
48 7 
48 72 
48 74 
48 9 
5 52 
5 54 
5 56 
5 58 
5 60 
5 62 
5 64 
5 66 
5 7 
5 72 
5 74 
5 9 
52 54 
52 56 
52 58 
52 60 
52 62 
52 64 
52 66 
52 7 
52 70 
52 72 
52 74 
52 9 
54 56 
54 58 
54 60 
54 62 
54 66 
54 7 
54 9 
56 58 
56 60 
56 62 
56 64 
56 66 
56 7 
56 72 
56 74 
56 9 
58 60 
58 62 
58 64 
58 66 
58 7 
58 70 
58 72 
58 74 
58 9 
60 62 
60 64 
60 66 
60 7 
60 72 
60 74 
60 9 
62 64 
62 66 
62 7 
62 72 
62 74 
62 9 
64 66 
64 7 
64 72 
64 9 
66 7 
66 72 
66 74 
66 9 
7 72 
7 74 
7 9 
72 9 
74 9 
