11 29 34 
11 29 36 
11 29 40 
11 29 52 
11 29 56 
11 29 58 
11 29 60 
11 29 62 
11 29 7 
11 34 58 
11 36 40 
11 36 52 
11 36 58 
11 40 52 
11 40 56 
11 40 58 
11 40 60 
11 40 62 
11 40 7 
11 52 56 
11 52 58 
11 52 60 
11 52 62 
11 52 7 
11 56 58 
11 58 60 
11 58 62 
11 58 7 
11 60 7 
15 29 52 
15 29 58 
15 29 60 
15 52 58 
15 52 60 
15 58 60 
17 25 29 
17 25 34 
17 25 36 
17 25 40 
17 25 48 
17 25 52 
17 25 56 
17 25 58 
17 25 60 
17 25 62 
17 25 66 
17 25 7 
17 29 3 
17 29 34 
17 29 36 
17 29 40 
17 29 42 
17 29 48 
17 29 5 
17 29 52 
17 29 56 
17 29 58 
17 29 60 
17 29 62 
17 29 66 
17 29 7 
17 29 9 
17 3 34 
17 3 36 
17 3 40 
17 3 48 
17 3 5 
17 3 52 
17 3 56 
17 3 58 
17 3 60 
17 3 62 
17 3 66 
17 3 7 
17 3 9 
17 34 36 
17 34 40 
17 34 42 
17 34 48 
17 34 5 
17 34 52 
17 34 56 
17 34 58 
17 34 60 
17 34 62 
17 34 66 
17 34 7 
17 34 9 
17 36 40 
17 36 42 
17 36 48 
17 36 5 
17 36 52 
17 36 56 
17 36 58 
17 36 60 
17 36 62 
17 36 66 
17 36 7 
17 36 9 
17 40 42 
17 40 48 
17 40 5 
17 40 52 
17 40 56 
17 40 58 
17 40 60 
17 40 62 
17 40 66 
17 40 7 
17 40 9 
17 42 52 
17 42 58 
17 42 60 
17 42 62 
17 42 66 
17 42 7 
17 48 5 
17 48 52 
17 48 56 
17 48 58 
17 48 60 
17 48 62 
17 48 66 
17 48 7 
17 48 9 
17 5 52 
17 5 56 
17 5 58 
17 5 60 
17 5 62 
17 5 66 
17 5 7 
17 5 9 
17 52 56 
17 52 58 
17 52 60 
17 52 62 
17 52 66 
17 52 7 
17 52 9 
17 56 58 
17 56 60 
17 56 62 
17 56 66 
17 56 7 
17 56 9 
17 58 60 
17 58 62 
17 58 66 
17 58 7 
17 58 9 
17 60 62 
17 60 66 
17 60 7 
17 60 9 
17 62 66 
17 62 7 
17 62 9 
17 66 7 
17 66 9 
17 7 9 
21 29 34 
21 29 36 
21 29 40 
21 29 48 
21 29 5 
21 29 52 
21 29 56 
21 29 58 
21 29 60 
21 29 62 
21 29 66 
21 29 7 
21 34 36 
21 34 40 
21 34 5 
21 34 52 
21 34 58 
21 34 60 
21 34 7 
21 36 40 
21 36 48 
21 36 5 
21 36 52 
21 36 56 
21 36 58 
21 36 60 
21 36 62 
21 36 66 
21 36 7 
21 40 48 
21 40 5 
21 40 52 
21 40 56 
21 40 58 
21 40 60 
21 40 62 
21 40 66 
21 40 7 
21 48 52 
21 48 58 
21 48 60 
21 48 7 
21 5 52 
21 5 58 
21 5 60 
21 5 7 
21 52 56 
21 52 58 
21 52 60 
21 52 62 
21 52 66 
21 52 7 
21 56 58 
21 56 60 
21 56 7 
21 58 60 
21 58 62 
21 58 66 
21 58 7 
21 60 62 
21 60 66 
21 60 7 
21 62 7 
21 66 7 
25 29 3 
25 29 31 
25 29 34 
25 29 36 
25 29 40 
25 29 42 
25 29 44 
25 29 46 
25 29 48 
25 29 5 
25 29 52 
25 29 56 
25 29 58 
25 29 60 
25 29 62 
25 29 64 
25 29 66 
25 29 7 
25 29 72 
25 29 74 
25 29 9 
25 3 31 
25 3 34 
25 3 36 
25 3 40 
25 3 42 
25 3 44 
25 3 46 
25 3 48 
25 3 5 
25 3 52 
25 3 56 
25 3 58 
25 3 60 
25 3 62 
25 3 64 
25 3 66 
25 3 7 
25 3 9 
25 31 34 
25 31 36 
25 31 40 
25 31 48 
25 31 5 
25 31 52 
25 31 56 
25 31 58 
25 31 60 
25 31 62 
25 31 66 
25 31 7 
25 34 36 
25 34 40 
25 34 42 
25 34 44 
25 34 46 
25 34 48 
25 34 5 
25 34 52 
25 34 56 
25 34 58 
25 34 60 
25 34 62 
25 34 64 
25 34 66 
25 34 7 
25 34 72 
25 34 74 
25 34 9 
25 36 40 
25 36 42 
25 36 44 
25 36 46 
25 36 48 
25 36 5 
25 36 52 
25 36 56 
25 36 58 
25 36 60 
25 36 62 
25 36 64 
25 36 66 
25 36 7 
25 36 72 
25 36 74 
25 36 9 
25 40 42 
25 40 44 
25 40 46 
25 40 48 
25 40 5 
25 40 52 
25 40 56 
25 40 58 
25 40 60 
25 40 62 
25 40 64 
25 40 66 
25 40 7 
25 40 72 
25 40 74 
25 40 9 
25 42 44 
25 42 48 
25 42 5 
25 42 52 
25 42 56 
25 42 58 
25 42 60 
25 42 62 
25 42 64 
25 42 66 
25 42 7 
25 42 9 
25 44 48 
25 44 5 
25 44 52 
25 44 56 
25 44 58 
25 44 60 
25 44 62 
25 44 66 
25 44 7 
25 44 9 
25 46 48 
25 46 5 
25 46 52 
25 46 56 
25 46 58 
25 46 60 
25 46 62 
25 46 66 
25 46 7 
25 46 9 
25 48 5 
25 48 52 
25 48 56 
25 48 58 
25 48 60 
25 48 62 
25 48 64 
25 48 66 
25 48 7 
25 48 72 
25 48 74 
25 48 9 
25 5 52 
25 5 56 
25 5 58 
25 5 60 
25 5 62 
25 5 64 
25 5 66 
25 5 7 
25 5 74 
25 5 9 
25 52 56 
25 52 58 
25 52 60 
25 52 62 
25 52 64 
25 52 66 
25 52 7 
25 52 72 
25 52 74 
25 52 9 
25 54 58 
25 56 58 
25 56 60 
25 56 62 
25 56 64 
25 56 66 
25 56 7 
25 56 74 
25 56 9 
25 58 60 
25 58 62 
25 58 64 
25 58 66 
25 58 7 
25 58 72 
25 58 74 
25 58 9 
25 60 62 
25 60 64 
25 60 66 
25 60 7 
25 60 72 
25 60 74 
25 60 9 
25 62 64 
25 62 66 
25 62 7 
25 62 72 
25 62 74 
25 62 9 
25 64 66 
25 64 7 
25 64 9 
25 66 7 
25 66 72 
25 66 74 
25 66 9 
25 7 74 
25 7 9 
27 29 34 
27 29 36 
27 29 40 
27 29 48 
27 29 52 
27 29 56 
27 29 58 
27 29 60 
27 29 62 
27 29 66 
27 29 7 
27 34 36 
27 34 40 
27 34 52 
27 34 58 
27 34 60 
27 34 7 
27 36 40 
27 36 48 
27 36 52 
27 36 56 
27 36 58 
27 36 60 
27 36 62 
27 36 66 
27 36 7 
27 40 48 
27 40 52 
27 40 56 
27 40 58 
27 40 60 
27 40 62 
27 40 66 
27 40 7 
27 48 52 
27 48 56 
27 48 58 
27 48 60 
27 48 62 
27 48 66 
27 48 7 
27 52 56 
27 52 58 
27 52 60 
27 52 62 
27 52 66 
27 52 7 
27 56 58 
27 56 60 
27 56 62 
27 56 7 
27 58 60 
27 58 62 
27 58 66 
27 58 7 
27 60 62 
27 60 66 
27 60 7 
27 62 7 
27 66 7 
29 3 31 
29 3 34 
29 3 36 
29 3 40 
29 3 42 
29 3 44 
29 3 46 
29 3 48 
29 3 5 
29 3 52 
29 3 56 
29 3 58 
29 3 60 
29 3 62 
29 3 64 
29 3 66 
29 3 7 
29 3 72 
29 3 74 
29 3 9 
29 31 34 
29 31 36 
29 31 40 
29 31 42 
29 31 44 
29 31 46 
29 31 48 
29 31 5 
29 31 52 
29 31 56 
29 31 58 
29 31 60 
29 31 62 
29 31 64 
29 31 66 
29 31 7 
29 31 9 
29 34 36 
29 34 38 
29 34 40 
29 34 42 
29 34 44 
29 34 46 
29 34 48 
29 34 5 
29 34 52 
29 34 54 
29 34 56 
29 34 58 
29 34 60 
29 34 62 
29 34 64 
29 34 66 
29 34 7 
29 34 72 
29 34 74 
29 34 9 
29 36 38 
29 36 40 
29 36 42 
29 36 44 
29 36 46 
29 36 48 
29 36 5 
29 36 52 
29 36 54 
29 36 56 
29 36 58 
29 36 60 
29 36 62 
29 36 64 
29 36 66 
29 36 7 
29 36 72 
29 36 74 
29 36 9 
29 38 40 
29 38 48 
29 38 5 
29 38 52 
29 38 56 
29 38 58 
29 38 60 
29 38 62 
29 38 66 
29 38 7 
29 38 9 
29 40 42 
29 40 44 
29 40 46 
29 40 48 
29 40 5 
29 40 52 
29 40 54 
29 40 56 
29 40 58 
29 40 60 
29 40 62 
29 40 64 
29 40 66 
29 40 7 
29 40 70 
29 40 72 
29 40 74 
29 40 9 
29 42 44 
29 42 46 
29 42 48 
29 42 5 
29 42 52 
29 42 56 
29 42 58 
29 42 60 
29 42 62 
29 42 64 
29 42 66 
29 42 7 
29 42 72 
29 42 9 
29 44 46 
29 44 48 
29 44 5 
29 44 52 
29 44 56 
29 44 58 
29 44 60 
29 44 62 
29 44 64 
29 44 66 
29 44 7 
29 44 74 
29 44 9 
29 46 48 
29 46 5 
29 46 52 
29 46 56 
29 46 58 
29 46 60 
29 46 62 
29 46 64 
29 46 66 
29 46 7 
29 46 9 
29 48 5 
29 48 52 
29 48 54 
29 48 56 
29 48 58 
29 48 60 
29 48 62 
29 48 64 
29 48 66 
29 48 7 
29 48 72 
29 48 74 
29 48 9 
29 5 52 
29 5 54 
29 5 56 
29 5 58 
29 5 60 
29 5 62 
29 5 64 
29 5 66 
29 5 7 
29 5 72 
29 5 74 
29 5 9 
29 52 54 
29 52 56 
29 52 58 
29 52 60 
29 52 62 
29 52 64 
29 52 66 
29 52 7 
29 52 70 
29 52 72 
29 52 74 
29 52 9 
29 54 56 
29 54 58 
29 54 60 
29 54 62 
29 54 66 
29 54 7 
29 56 58 
29 56 60 
29 56 62 
29 56 64 
29 56 66 
29 56 7 
29 56 72 
29 56 74 
29 56 9 
29 58 60 
29 58 62 
29 58 64 
29 58 66 
29 58 7 
29 58 70 
29 58 72 
29 58 74 
29 58 9 
29 60 62 
29 60 64 
29 60 66 
29 60 7 
29 60 72 
29 60 74 
29 60 9 
29 62 64 
29 62 66 
29 62 7 
29 62 72 
29 62 74 
29 62 9 
29 64 66 
29 64 7 
29 64 72 
29 64 9 
29 66 7 
29 66 72 
29 66 74 
29 66 9 
29 7 72 
29 7 74 
29 7 9 
29 72 9 
29 74 9 
3 31 34 
3 31 36 
3 31 40 
3 31 42 
3 31 48 
3 31 5 
3 31 52 
3 31 56 
3 31 58 
3 31 60 
3 31 62 
3 31 64 
3 31 66 
3 31 7 
3 31 9 
3 34 36 
3 34 40 
3 34 42 
3 34 44 
3 34 46 
3 34 48 
3 34 5 
3 34 52 
3 34 56 
3 34 58 
3 34 60 
3 34 62 
3 34 64 
3 34 66 
3 34 7 
3 34 72 
3 34 9 
3 36 40 
3 36 42 
3 36 44 
3 36 46 
3 36 48 
3 36 5 
3 36 52 
3 36 56 
3 36 58 
3 36 60 
3 36 62 
3 36 64 
3 36 66 
3 36 7 
3 36 72 
3 36 9 
3 40 42 
3 40 44 
3 40 46 
3 40 48 
3 40 5 
3 40 52 
3 40 56 
3 40 58 
3 40 60 
3 40 62 
3 40 64 
3 40 66 
3 40 7 
3 40 72 
3 40 74 
3 40 9 
3 42 48 
3 42 5 
3 42 52 
3 42 56 
3 42 58 
3 42 60 
3 42 62 
3 42 64 
3 42 66 
3 42 7 
3 42 72 
3 42 9 
3 44 48 
3 44 5 
3 44 52 
3 44 56 
3 44 58 
3 44 60 
3 44 62 
3 44 66 
3 44 7 
3 44 9 
3 46 48 
3 46 5 
3 46 52 
3 46 56 
3 46 58 
3 46 60 
3 46 62 
3 46 66 
3 46 7 
3 46 9 
3 48 5 
3 48 52 
3 48 56 
3 48 58 
3 48 60 
3 48 62 
3 48 64 
3 48 66 
3 48 7 
3 48 72 
3 48 9 
3 5 52 
3 5 56 
3 5 58 
3 5 60 
3 5 62 
3 5 64 
3 5 66 
3 5 7 
3 5 72 
3 5 9 
3 52 56 
3 52 58 
3 52 60 
3 52 62 
3 52 64 
3 52 66 
3 52 7 
3 52 72 
3 52 74 
3 52 9 
3 56 58 
3 56 60 
3 56 62 
3 56 64 
3 56 66 
3 56 7 
3 56 72 
3 56 74 
3 56 9 
3 58 60 
3 58 62 
3 58 64 
3 58 66 
3 58 7 
3 58 72 
3 58 74 
3 58 9 
3 60 62 
3 60 64 
3 60 66 
3 60 7 
3 60 72 
3 60 74 
3 60 9 
3 62 64 
3 62 66 
3 62 7 
3 62 72 
3 62 74 
3 62 9 
3 64 66 
3 64 7 
3 64 9 
3 66 7 
3 66 72 
3 66 9 
3 7 72 
3 7 74 
3 7 9 
31 34 36 
31 34 40 
31 34 42 
31 34 48 
31 34 5 
31 34 52 
31 34 56 
31 34 58 
31 34 60 
31 34 62 
31 34 64 
31 34 66 
31 34 7 
31 34 9 
31 36 40 
31 36 42 
31 36 44 
31 36 48 
31 36 5 
31 36 52 
31 36 56 
31 36 58 
31 36 60 
31 36 62 
31 36 64 
31 36 66 
31 36 7 
31 36 9 
31 40 42 
31 40 44 
31 40 46 
31 40 48 
31 40 5 
31 40 52 
31 40 56 
31 40 58 
31 40 60 
31 40 62 
31 40 64 
31 40 66 
31 40 7 
31 40 9 
31 42 48 
31 42 5 
31 42 52 
31 42 56 
31 42 58 
31 42 60 
31 42 62 
31 42 64 
31 42 66 
31 42 7 
31 42 9 
31 44 52 
31 44 58 
31 44 60 
31 44 62 
31 46 52 
31 46 58 
31 46 60 
31 48 5 
31 48 52 
31 48 56 
31 48 58 
31 48 60 
31 48 62 
31 48 64 
31 48 66 
31 48 7 
31 48 9 
31 5 52 
31 5 56 
31 5 58 
31 5 60 
31 5 62 
31 5 64 
31 5 66 
31 5 7 
31 5 9 
31 52 56 
31 52 58 
31 52 60 
31 52 62 
31 52 64 
31 52 66 
31 52 7 
31 52 9 
31 56 58 
31 56 60 
31 56 62 
31 56 64 
31 56 66 
31 56 7 
31 56 9 
31 58 60 
31 58 62 
31 58 64 
31 58 66 
31 58 7 
31 58 9 
31 60 62 
31 60 64 
31 60 66 
31 60 7 
31 60 9 
31 62 64 
31 62 66 
31 62 7 
31 62 9 
31 64 66 
31 64 7 
31 66 7 
31 66 9 
31 7 9 
34 36 38 
34 36 40 
34 36 42 
34 36 44 
34 36 46 
34 36 48 
34 36 5 
34 36 52 
34 36 54 
34 36 56 
34 36 58 
34 36 60 
34 36 62 
34 36 64 
34 36 66 
34 36 7 
34 36 72 
34 36 74 
34 36 9 
34 38 40 
34 38 5 
34 38 52 
34 38 56 
34 38 58 
34 38 60 
34 38 62 
34 38 7 
34 40 42 
34 40 44 
34 40 46 
34 40 48 
34 40 5 
34 40 52 
34 40 54 
34 40 56 
34 40 58 
34 40 60 
34 40 62 
34 40 64 
34 40 66 
34 40 7 
34 40 72 
34 40 74 
34 40 9 
34 42 44 
34 42 46 
34 42 48 
34 42 5 
34 42 52 
34 42 56 
34 42 58 
34 42 60 
34 42 62 
34 42 64 
34 42 66 
34 42 7 
34 42 72 
34 42 9 
34 44 48 
34 44 5 
34 44 52 
34 44 56 
34 44 58 
34 44 60 
34 44 62 
34 44 64 
34 44 66 
34 44 7 
34 44 9 
34 46 48 
34 46 5 
34 46 52 
34 46 56 
34 46 58 
34 46 60 
34 46 62 
34 46 64 
34 46 66 
34 46 7 
34 46 9 
34 48 5 
34 48 52 
34 48 56 
34 48 58 
34 48 60 
34 48 62 
34 48 64 
34 48 66 
34 48 7 
34 48 72 
34 48 74 
34 48 9 
34 5 52 
34 5 54 
34 5 56 
34 5 58 
34 5 60 
34 5 62 
34 5 64 
34 5 66 
34 5 7 
34 5 72 
34 5 74 
34 5 9 
34 52 54 
34 52 56 
34 52 58 
34 52 60 
34 52 62 
34 52 64 
34 52 66 
34 52 7 
34 52 72 
34 52 74 
34 52 9 
34 54 56 
34 54 58 
34 54 60 
34 54 62 
34 54 7 
34 56 58 
34 56 60 
34 56 62 
34 56 64 
34 56 66 
34 56 7 
34 56 72 
34 56 74 
34 56 9 
34 58 60 
34 58 62 
34 58 64 
34 58 66 
34 58 7 
34 58 72 
34 58 74 
34 58 9 
34 60 62 
34 60 64 
34 60 66 
34 60 7 
34 60 72 
34 60 74 
34 60 9 
34 62 64 
34 62 66 
34 62 7 
34 62 72 
34 62 74 
34 62 9 
34 64 66 
34 64 7 
34 64 72 
34 64 9 
34 66 7 
34 66 72 
34 66 74 
34 66 9 
34 7 72 
34 7 74 
34 7 9 
34 72 9 
34 74 9 
36 38 40 
36 38 48 
36 38 5 
36 38 52 
36 38 56 
36 38 58 
36 38 60 
36 38 62 
36 38 7 
36 40 42 
36 40 44 
36 40 46 
36 40 48 
36 40 5 
36 40 52 
36 40 54 
36 40 56 
36 40 58 
36 40 60 
36 40 62 
36 40 64 
36 40 66 
36 40 7 
36 40 72 
36 40 74 
36 40 9 
36 42 44 
36 42 46 
36 42 48 
36 42 5 
36 42 52 
36 42 56 
36 42 58 
36 42 60 
36 42 62 
36 42 64 
36 42 66 
36 42 7 
36 42 72 
36 42 9 
36 44 46 
36 44 48 
36 44 5 
36 44 52 
36 44 56 
36 44 58 
36 44 60 
36 44 62 
36 44 64 
36 44 66 
36 44 7 
36 44 9 
36 46 48 
36 46 5 
36 46 52 
36 46 56 
36 46 58 
36 46 60 
36 46 62 
36 46 64 
36 46 66 
36 46 7 
36 46 9 
36 48 5 
36 48 52 
36 48 54 
36 48 56 
36 48 58 
36 48 60 
36 48 62 
36 48 64 
36 48 66 
36 48 7 
36 48 72 
36 48 74 
36 48 9 
36 5 52 
36 5 56 
36 5 58 
36 5 60 
36 5 62 
36 5 64 
36 5 66 
36 5 7 
36 5 72 
36 5 74 
36 5 9 
36 52 54 
36 52 56 
36 52 58 
36 52 60 
36 52 62 
36 52 64 
36 52 66 
36 52 7 
36 52 72 
36 52 74 
36 52 9 
36 54 56 
36 54 58 
36 54 60 
36 54 62 
36 54 7 
36 56 58 
36 56 60 
36 56 62 
36 56 64 
36 56 66 
36 56 7 
36 56 72 
36 56 74 
36 56 9 
36 58 60 
36 58 62 
36 58 64 
36 58 66 
36 58 7 
36 58 72 
36 58 74 
36 58 9 
36 60 62 
36 60 64 
36 60 66 
36 60 7 
36 60 72 
36 60 74 
36 60 9 
36 62 64 
36 62 66 
36 62 7 
36 62 72 
36 62 74 
36 62 9 
36 64 66 
36 64 7 
36 64 72 
36 64 9 
36 66 7 
36 66 72 
36 66 74 
36 66 9 
36 7 72 
36 7 74 
36 7 9 
36 74 9 
38 40 48 
38 40 5 
38 40 52 
38 40 56 
38 40 58 
38 40 60 
38 40 62 
38 40 66 
38 40 7 
38 40 9 
38 48 52 
38 48 58 
38 48 60 
38 5 52 
38 5 56 
38 5 58 
38 5 60 
38 5 62 
38 5 66 
38 5 7 
38 52 56 
38 52 58 
38 52 60 
38 52 62 
38 52 66 
38 52 7 
38 52 9 
38 56 58 
38 56 60 
38 56 62 
38 56 7 
38 58 60 
38 58 62 
38 58 66 
38 58 7 
38 58 9 
38 60 62 
38 60 66 
38 60 7 
38 62 66 
38 62 7 
38 66 7 
40 42 44 
40 42 46 
40 42 48 
40 42 5 
40 42 52 
40 42 56 
40 42 58 
40 42 60 
40 42 62 
40 42 64 
40 42 66 
40 42 7 
40 42 72 
40 42 9 
40 44 46 
40 44 48 
40 44 5 
40 44 52 
40 44 56 
40 44 58 
40 44 60 
40 44 62 
40 44 64 
40 44 66 
40 44 7 
40 44 74 
40 44 9 
40 46 48 
40 46 5 
40 46 52 
40 46 56 
40 46 58 
40 46 60 
40 46 62 
40 46 64 
40 46 66 
40 46 7 
40 46 9 
40 48 5 
40 48 52 
40 48 54 
40 48 56 
40 48 58 
40 48 60 
40 48 62 
40 48 64 
40 48 66 
40 48 7 
40 48 72 
40 48 74 
40 48 9 
40 5 52 
40 5 54 
40 5 56 
40 5 58 
40 5 60 
40 5 62 
40 5 64 
40 5 66 
40 5 7 
40 5 72 
40 5 74 
40 5 9 
40 52 54 
40 52 56 
40 52 58 
40 52 60 
40 52 62 
40 52 64 
40 52 66 
40 52 7 
40 52 70 
40 52 72 
40 52 74 
40 52 9 
40 54 56 
40 54 58 
40 54 60 
40 54 62 
40 54 66 
40 54 7 
40 56 58 
40 56 60 
40 56 62 
40 56 64 
40 56 66 
40 56 7 
40 56 72 
40 56 74 
40 56 9 
40 58 60 
40 58 62 
40 58 64 
40 58 66 
40 58 7 
40 58 70 
40 58 72 
40 58 74 
40 58 9 
40 60 62 
40 60 64 
40 60 66 
40 60 7 
40 60 72 
40 60 74 
40 60 9 
40 62 64 
40 62 66 
40 62 7 
40 62 72 
40 62 74 
40 62 9 
40 64 66 
40 64 7 
40 64 72 
40 64 9 
40 66 7 
40 66 72 
40 66 74 
40 66 9 
40 7 72 
40 7 74 
40 7 9 
40 72 9 
40 74 9 
42 44 48 
42 44 5 
42 44 52 
42 44 56 
42 44 58 
42 44 60 
42 44 62 
42 44 64 
42 44 66 
42 44 7 
42 44 9 
42 46 48 
42 46 5 
42 46 52 
42 46 56 
42 46 58 
42 46 60 
42 46 62 
42 46 64 
42 46 66 
42 46 7 
42 48 5 
42 48 52 
42 48 56 
42 48 58 
42 48 60 
42 48 62 
42 48 64 
42 48 66 
42 48 7 
42 48 72 
42 48 9 
42 5 52 
42 5 56 
42 5 58 
42 5 60 
42 5 62 
42 5 64 
42 5 66 
42 5 7 
42 5 72 
42 5 9 
42 52 56 
42 52 58 
42 52 60 
42 52 62 
42 52 64 
42 52 66 
42 52 7 
42 52 72 
42 52 9 
42 56 58 
42 56 60 
42 56 62 
42 56 64 
42 56 66 
42 56 7 
42 56 72 
42 56 9 
42 58 60 
42 58 62 
42 58 64 
42 58 66 
42 58 7 
42 58 72 
42 58 9 
42 60 62 
42 60 64 
42 60 66 
42 60 7 
42 60 72 
42 60 9 
42 62 64 
42 62 66 
42 62 7 
42 62 72 
42 62 9 
42 64 66 
42 64 7 
42 64 72 
42 64 9 
42 66 7 
42 66 72 
42 66 9 
42 7 72 
42 7 9 
44 46 52 
44 46 58 
44 46 60 
44 46 62 
44 46 7 
44 48 5 
44 48 52 
44 48 56 
44 48 58 
44 48 60 
44 48 62 
44 48 64 
44 48 66 
44 48 7 
44 48 9 
44 5 52 
44 5 56 
44 5 58 
44 5 60 
44 5 62 
44 5 64 
44 5 66 
44 5 7 
44 5 9 
44 52 56 
44 52 58 
44 52 60 
44 52 62 
44 52 64 
44 52 66 
44 52 7 
44 52 74 
44 52 9 
44 56 58 
44 56 60 
44 56 62 
44 56 64 
44 56 66 
44 56 7 
44 56 9 
44 58 60 
44 58 62 
44 58 64 
44 58 66 
44 58 7 
44 58 74 
44 58 9 
44 60 62 
44 60 64 
44 60 66 
44 60 7 
44 60 9 
44 62 64 
44 62 66 
44 62 7 
44 62 9 
44 64 66 
44 64 7 
44 66 7 
44 66 9 
44 7 9 
46 48 5 
46 48 52 
46 48 56 
46 48 58 
46 48 60 
46 48 62 
46 48 64 
46 48 66 
46 48 7 
46 48 9 
46 5 52 
46 5 56 
46 5 58 
46 5 60 
46 5 62 
46 5 64 
46 5 66 
46 5 7 
46 5 9 
46 52 56 
46 52 58 
46 52 60 
46 52 62 
46 52 64 
46 52 66 
46 52 7 
46 52 9 
46 56 58 
46 56 60 
46 56 62 
46 56 64 
46 56 66 
46 56 7 
46 56 9 
46 58 60 
46 58 62 
46 58 64 
46 58 66 
46 58 7 
46 58 9 
46 60 62 
46 60 64 
46 60 66 
46 60 7 
46 60 9 
46 62 64 
46 62 66 
46 62 7 
46 62 9 
46 64 66 
46 64 7 
46 66 7 
46 66 9 
46 7 9 
48 5 52 
48 5 56 
48 5 58 
48 5 60 
48 5 62 
48 5 64 
48 5 66 
48 5 7 
48 5 72 
48 5 74 
48 5 9 
48 52 54 
48 52 56 
48 52 58 
48 52 60 
48 52 62 
48 52 64 
48 52 66 
48 52 7 
48 52 72 
48 52 74 
48 52 9 
48 54 58 
48 54 60 
48 56 58 
48 56 60 
48 56 62 
48 56 64 
48 56 66 
48 56 7 
48 56 72 
48 56 74 
48 56 9 
48 58 60 
48 58 62 
48 58 64 
48 58 66 
48 58 7 
48 58 72 
48 58 74 
48 58 9 
48 60 62 
48 60 64 
48 60 66 
48 60 7 
48 60 72 
48 60 74 
48 60 9 
48 62 64 
48 62 66 
48 62 7 
48 62 72 
48 62 74 
48 62 9 
48 64 66 
48 64 7 
48 64 72 
48 64 9 
48 66 7 
48 66 72 
48 66 74 
48 66 9 
48 7 72 
48 7 74 
48 7 9 
48 74 9 
5 52 54 
5 52 56 
5 52 58 
5 52 60 
5 52 62 
5 52 64 
5 52 66 
5 52 7 
5 52 72 
5 52 74 
5 52 9 
5 54 58 
5 54 60 
5 56 58 
5 56 60 
5 56 62 
5 56 64 
5 56 66 
5 56 7 
5 56 72 
5 56 74 
5 56 9 
5 58 60 
5 58 62 
5 58 64 
5 58 66 
5 58 7 
5 58 72 
5 58 74 
5 58 9 
5 60 62 
5 60 64 
5 60 66 
5 60 7 
5 60 72 
5 60 74 
5 60 9 
5 62 64 
5 62 66 
5 62 7 
5 62 72 
5 62 74 
5 62 9 
5 64 66 
5 64 7 
5 64 72 
5 64 9 
5 66 7 
5 66 72 
5 66 74 
5 66 9 
5 7 72 
5 7 74 
5 7 9 
5 74 9 
52 54 56 
52 54 58 
52 54 60 
52 54 62 
52 54 66 
52 54 7 
52 56 58 
52 56 60 
52 56 62 
52 56 64 
52 56 66 
52 56 7 
52 56 72 
52 56 74 
52 56 9 
52 58 60 
52 58 62 
52 58 64 
52 58 66 
52 58 7 
52 58 70 
52 58 72 
52 58 74 
52 58 9 
52 60 62 
52 60 64 
52 60 66 
52 60 7 
52 60 72 
52 60 74 
52 60 9 
52 62 64 
52 62 66 
52 62 7 
52 62 72 
52 62 74 
52 62 9 
52 64 66 
52 64 7 
52 64 72 
52 64 9 
52 66 7 
52 66 72 
52 66 74 
52 66 9 
52 7 72 
52 7 74 
52 7 9 
52 72 9 
52 74 9 
54 56 58 
54 56 60 
54 56 62 
54 56 7 
54 58 60 
54 58 62 
54 58 66 
54 58 7 
54 58 9 
54 60 62 
54 60 66 
54 60 7 
54 62 7 
56 58 60 
56 58 62 
56 58 64 
56 58 66 
56 58 7 
56 58 72 
56 58 74 
56 58 9 
56 60 62 
56 60 64 
56 60 66 
56 60 7 
56 60 72 
56 60 74 
56 60 9 
56 62 64 
56 62 66 
56 62 7 
56 62 72 
56 62 74 
56 62 9 
56 64 66 
56 64 7 
56 64 72 
56 64 9 
56 66 7 
56 66 72 
56 66 74 
56 66 9 
56 7 72 
56 7 74 
56 7 9 
56 74 9 
58 60 62 
58 60 64 
58 60 66 
58 60 7 
58 60 72 
58 60 74 
58 60 9 
58 62 64 
58 62 66 
58 62 7 
58 62 72 
58 62 74 
58 62 9 
58 64 66 
58 64 7 
58 64 72 
58 64 9 
58 66 7 
58 66 72 
58 66 74 
58 66 9 
58 7 72 
58 7 74 
58 7 9 
58 72 9 
58 74 9 
60 62 64 
60 62 66 
60 62 7 
60 62 72 
60 62 74 
60 62 9 
60 64 66 
60 64 7 
60 64 72 
60 64 9 
60 66 7 
60 66 72 
60 66 74 
60 66 9 
60 7 72 
60 7 74 
60 7 9 
60 72 9 
60 74 9 
62 64 66 
62 64 7 
62 64 72 
62 64 9 
62 66 7 
62 66 72 
62 66 74 
62 66 9 
62 7 72 
62 7 74 
62 7 9 
62 74 9 
64 66 7 
64 66 72 
64 66 9 
64 7 72 
64 7 9 
66 7 72 
66 7 74 
66 7 9 
66 72 9 
66 74 9 
7 74 9 
