29 34 40 
29 34 52 
29 34 58 
29 36 40 
29 36 52 
29 36 58 
29 36 60 
29 40 52 
29 40 58 
29 40 60 
29 40 62 
29 40 7 
29 52 56 
29 52 58 
29 52 60 
29 52 62 
29 52 66 
29 52 7 
29 56 58 
29 58 60 
29 58 62 
29 58 66 
29 58 7 
29 60 62 
29 60 66 
29 60 7 
34 40 52 
34 40 58 
34 52 58 
36 40 52 
36 40 58 
36 40 60 
36 52 58 
36 52 60 
36 58 60 
40 52 58 
40 52 60 
40 52 62 
40 52 7 
40 58 60 
40 58 62 
40 58 7 
40 60 7 
48 52 58 
52 56 58 
52 58 60 
52 58 62 
52 58 66 
52 58 7 
52 60 62 
52 60 66 
52 60 7 
58 60 62 
58 60 66 
58 60 7 
